12.0,19.0,32.0
12.0,19.0,32.0
12.0,19.0,32.0
12.0,19.0,32.0
12.0,19.0,32.0
12.0,19.0,32.0
12.0,19.0,32.0
12.0,20.0,32.0
12.0,20.0,31.0
12.0,20.0,31.0
12.0,19.0,32.0
12.0,19.0,31.0
12.0,20.0,30.0
12.0,19.0,30.0
12.0,20.0,30.0
12.0,20.0,29.0
12.0,20.0,28.0
12.0,20.0,29.0
12.0,19.0,28.0
12.0,20.0,28.0
12.0,20.0,27.0
12.0,19.0,28.0
12.0,20.0,29.0
12.0,19.0,28.0
12.0,20.0,27.0
12.0,19.0,27.0
12.0,19.0,27.0
12.0,19.0,26.0
12.0,20.0,29.0
12.0,20.0,28.0
12.0,19.0,27.0
12.0,19.0,27.0
12.0,19.0,28.0
12.0,20.0,28.0
12.0,19.0,27.0
12.0,20.0,27.0
12.0,19.0,29.0
12.0,19.0,29.0
12.0,20.0,28.0
12.0,19.0,27.0
12.0,19.0,27.0
12.0,19.0,28.0
12.0,19.0,28.0
12.0,20.0,29.0
12.0,19.0,29.0
12.0,19.0,29.0
12.0,19.0,29.0
12.0,19.0,29.0
12.0,19.0,29.0
12.0,19.0,29.0
12.0,20.0,28.0
12.0,19.0,29.0
12.0,19.0,30.0
12.0,20.0,31.0
12.0,19.0,30.0
12.0,20.0,30.0
12.0,19.0,35.0
12.0,19.0,36.0
12.0,20.0,35.0
12.0,19.0,38.0
12.0,20.0,47.0
12.0,20.0,52.0
12.0,20.0,55.0
12.0,20.0,54.0
12.0,20.0,54.0
12.0,20.0,53.0
12.0,20.0,52.0
15.0,20.0,54.0
16.0,20.0,52.0
16.0,20.0,52.0
16.0,20.0,52.0
16.0,20.0,57.0
15.0,20.0,55.0
15.0,20.0,56.0
15.0,20.0,55.0
15.0,20.0,59.0
15.0,20.0,62.0
15.0,20.0,59.0
16.0,20.0,57.0
16.0,20.0,54.0
16.0,20.0,51.0
16.0,20.0,50.0
16.0,20.0,50.0
16.0,20.0,53.0
15.0,20.0,50.0
16.0,20.0,53.0
16.0,20.0,63.0
16.0,20.0,65.0
16.0,20.0,65.0
16.0,20.0,67.0
16.0,20.0,81.0
15.0,20.0,85.0
15.0,20.0,92.0
15.0,20.0,89.0
21.0,20.0,93.0
22.0,20.0,96.0
23.0,20.0,113.0
26.0,20.0,115.0
25.0,20.0,114.0
24.0,20.0,113.0
22.0,20.0,112.0
29.0,20.0,112.0
29.0,20.0,110.0
28.0,20.0,107.0
29.0,20.0,103.0
30.0,20.0,99.0
28.0,20.0,96.0
27.0,20.0,94.0
26.0,20.0,98.0
25.0,20.0,93.0
24.0,20.0,91.0
23.0,20.0,119.0
22.0,20.0,122.0
23.0,20.0,117.0
26.0,20.0,117.0
28.0,20.0,115.0
29.0,20.0,111.0
27.0,20.0,107.0
34.0,20.0,104.0
35.0,20.0,101.0
34.0,20.0,102.0
36.0,20.0,111.0
39.0,20.0,107.0
40.0,20.0,115.0
42.0,20.0,116.0
45.0,20.0,114.0
43.0,20.0,115.0
43.0,20.0,115.0
45.0,20.0,108.0
55.0,20.0,103.0
57.0,20.0,106.0
66.0,20.0,103.0
77.0,20.0,99.0
77.0,20.0,111.0
77.0,20.0,108.0
80.0,20.0,117.0
81.0,20.0,113.0
82.0,20.0,107.0
84.0,20.0,102.0
85.0,20.0,103.0
100.0,20.0,121.0
113.0,20.0,137.0
117.0,20.0,133.0
116.0,20.0,137.0
134.0,21.0,147.0
146.0,28.0,147.0
159.0,28.0,159.0
196.0,27.0,175.0
252.0,27.0,198.0
276.0,29.0,215.0
275.0,36.0,215.0
270.0,42.0,217.0
399.0,52.0,238.0
384.0,49.0,247.0
374.0,47.0,265.0
369.0,57.0,266.0
396.0,55.0,248.0
404.0,54.0,228.0
383.0,62.0,220.0
359.0,79.0,208.0
352.0,92.0,194.0
345.0,99.0,180.0
339.0,94.0,167.0
336.0,88.0,160.0
339.0,82.0,152.0
344.0,77.0,151.0
346.0,74.0,160.0
347.0,70.0,160.0
355.0,69.0,172.0
346.0,83.0,168.0
337.0,96.0,176.0
313.0,129.0,175.0
312.0,171.0,179.0
306.0,218.0,179.0
293.0,239.0,178.0
276.0,274.0,173.0
267.0,312.0,185.0
262.0,347.0,176.0
259.0,390.0,177.0
246.0,412.0,164.0
229.0,429.0,153.0
219.0,452.0,150.0
220.0,460.0,146.0
211.0,462.0,143.0
200.0,468.0,134.0
188.0,470.0,126.0
204.0,469.0,137.0
201.0,466.0,135.0
183.0,460.0,153.0
184.0,456.0,154.0
170.0,461.0,149.0
166.0,457.0,160.0
171.0,455.0,157.0
191.0,464.0,190.0
179.0,456.0,205.0
202.0,468.0,213.0
248.0,485.0,234.0
302.0,484.0,250.0
310.0,481.0,250.0
322.0,476.0,266.0
422.0,485.0,266.0
430.0,481.0,285.0
419.0,450.0,277.0
454.0,435.0,265.0
476.0,483.0,295.0
446.0,469.0,307.0
420.0,456.0,303.0
438.0,463.0,283.0
460.0,468.0,279.0
464.0,489.0,280.0
423.0,503.0,256.0
389.0,536.0,235.0
366.0,584.0,233.0
333.0,625.0,219.0
314.0,659.0,214.0
308.0,691.0,206.0
298.0,734.0,196.0
292.0,775.0,195.0
290.0,802.0,199.0
289.0,823.0,206.0
286.0,843.0,219.0
283.0,865.0,228.0
276.0,889.0,235.0
268.0,915.0,239.0
259.0,938.0,238.0
249.0,958.0,236.0
238.0,971.0,233.0
226.0,976.0,227.0
214.0,977.0,220.0
200.0,977.0,215.0
187.0,974.0,207.0
173.0,969.0,200.0
158.0,963.0,193.0
146.0,953.0,183.0
134.0,941.0,173.0
122.0,925.0,164.0
112.0,903.0,152.0
103.0,880.0,141.0
94.0,853.0,133.0
88.0,825.0,123.0
83.0,798.0,113.0
79.0,771.0,105.0
77.0,742.0,101.0
77.0,714.0,97.0
75.0,688.0,90.0
75.0,661.0,84.0
77.0,632.0,80.0
77.0,605.0,76.0
76.0,577.0,72.0
77.0,547.0,70.0
78.0,517.0,68.0
78.0,488.0,66.0
78.0,458.0,64.0
80.0,426.0,63.0
81.0,398.0,63.0
82.0,370.0,61.0
85.0,344.0,61.0
87.0,320.0,61.0
88.0,297.0,60.0
89.0,277.0,60.0
91.0,258.0,61.0
91.0,240.0,61.0
91.0,224.0,60.0
91.0,209.0,61.0
91.0,195.0,63.0
89.0,182.0,63.0
86.0,170.0,64.0
83.0,159.0,65.0
78.0,149.0,66.0
72.0,140.0,67.0
67.0,131.0,68.0
63.0,123.0,70.0
58.0,115.0,70.0
55.0,108.0,71.0
51.0,102.0,73.0
48.0,96.0,74.0
45.0,91.0,73.0
43.0,86.0,73.0
41.0,82.0,74.0
39.0,77.0,75.0
37.0,74.0,75.0
35.0,70.0,74.0
33.0,67.0,76.0
33.0,64.0,76.0
32.0,61.0,73.0
32.0,58.0,75.0
32.0,56.0,76.0
32.0,53.0,76.0
33.0,51.0,76.0
34.0,49.0,73.0
35.0,47.0,79.0
37.0,45.0,77.0
39.0,44.0,77.0
40.0,42.0,77.0
43.0,40.0,77.0
46.0,39.0,77.0
48.0,39.0,75.0
50.0,41.0,75.0
53.0,42.0,74.0
56.0,44.0,73.0
59.0,49.0,72.0
61.0,54.0,73.0
64.0,57.0,72.0
66.0,62.0,70.0
68.0,67.0,72.0
70.0,71.0,71.0
72.0,75.0,70.0
74.0,80.0,68.0
75.0,86.0,68.0
76.0,91.0,68.0
78.0,94.0,67.0
79.0,97.0,65.0
80.0,102.0,66.0
81.0,106.0,66.0
83.0,108.0,64.0
84.0,112.0,65.0
84.0,115.0,65.0
86.0,117.0,65.0
88.0,120.0,66.0
88.0,124.0,64.0
88.0,127.0,63.0
89.0,128.0,61.0
90.0,131.0,60.0
89.0,134.0,60.0
91.0,135.0,59.0
91.0,136.0,57.0
91.0,138.0,56.0
91.0,140.0,57.0
92.0,139.0,56.0
92.0,140.0,56.0
92.0,142.0,55.0
93.0,141.0,54.0
94.0,141.0,55.0
93.0,143.0,53.0
93.0,144.0,53.0
94.0,143.0,52.0
94.0,144.0,51.0
94.0,146.0,51.0
95.0,146.0,51.0
96.0,146.0,50.0
96.0,148.0,52.0
97.0,149.0,53.0
98.0,150.0,50.0
98.0,151.0,51.0
98.0,152.0,52.0
99.0,151.0,51.0
100.0,150.0,49.0
100.0,150.0,50.0
100.0,149.0,50.0
100.0,148.0,48.0
99.0,148.0,46.0
99.0,147.0,46.0
99.0,145.0,44.0
99.0,144.0,44.0
98.0,143.0,44.0
98.0,141.0,42.0
99.0,140.0,41.0
98.0,140.0,41.0
98.0,138.0,39.0
98.0,136.0,38.0
98.0,134.0,36.0
98.0,134.0,36.0
99.0,132.0,35.0
100.0,130.0,34.0
99.0,129.0,35.0
99.0,128.0,35.0
101.0,126.0,34.0
101.0,125.0,34.0
101.0,124.0,33.0
101.0,121.0,32.0
101.0,118.0,31.0
100.0,117.0,31.0
100.0,114.0,30.0
100.0,112.0,29.0
99.0,110.0,28.0
99.0,107.0,27.0
99.0,103.0,26.0
99.0,101.0,26.0
99.0,98.0,27.0
100.0,95.0,27.0
100.0,92.0,27.0
100.0,90.0,26.0
100.0,87.0,26.0
101.0,84.0,25.0
101.0,82.0,24.0
101.0,80.0,24.0
102.0,77.0,23.0
102.0,75.0,23.0
102.0,74.0,23.0
102.0,70.0,22.0
104.0,67.0,22.0
104.0,66.0,22.0
104.0,64.0,22.0
105.0,60.0,22.0
106.0,58.0,25.0
106.0,56.0,25.0
106.0,54.0,29.0
108.0,52.0,39.0
107.0,50.0,38.0
107.0,48.0,38.0
111.0,48.0,39.0
117.0,46.0,40.0
112.0,46.0,40.0
110.0,45.0,40.0
108.0,45.0,40.0
107.0,43.0,39.0
109.0,42.0,38.0
111.0,41.0,39.0
109.0,39.0,39.0
109.0,38.0,40.0
110.0,37.0,38.0
112.0,37.0,40.0
111.0,37.0,39.0
110.0,40.0,39.0
113.0,40.0,37.0
113.0,38.0,36.0
115.0,37.0,36.0
117.0,37.0,41.0
133.0,35.0,41.0
129.0,34.0,38.0
128.0,33.0,37.0
130.0,33.0,37.0
128.0,32.0,38.0
128.0,31.0,42.0
131.0,30.0,42.0
133.0,30.0,44.0
135.0,29.0,50.0
136.0,28.0,61.0
146.0,28.0,70.0
142.0,27.0,72.0
141.0,27.0,71.0
142.0,26.0,80.0
147.0,26.0,80.0
144.0,25.0,82.0
145.0,25.0,82.0
146.0,25.0,85.0
151.0,24.0,96.0
160.0,24.0,97.0
159.0,24.0,98.0
151.0,23.0,94.0
148.0,23.0,90.0
150.0,23.0,87.0
146.0,23.0,91.0
144.0,22.0,86.0
144.0,22.0,87.0
142.0,22.0,89.0
142.0,22.0,88.0
142.0,22.0,90.0
137.0,21.0,96.0
136.0,22.0,90.0
134.0,21.0,86.0
142.0,21.0,90.0
138.0,21.0,93.0
132.0,21.0,90.0
127.0,21.0,88.0
124.0,21.0,82.0
121.0,21.0,85.0
116.0,21.0,90.0
112.0,21.0,88.0
107.0,20.0,84.0
105.0,20.0,80.0
101.0,20.0,87.0
96.0,20.0,86.0
93.0,20.0,85.0
90.0,20.0,82.0
86.0,20.0,79.0
87.0,21.0,76.0
85.0,20.0,74.0
81.0,20.0,79.0
77.0,20.0,79.0
74.0,20.0,75.0
73.0,20.0,73.0
71.0,20.0,77.0
69.0,21.0,80.0
66.0,20.0,86.0
65.0,21.0,85.0
63.0,20.0,86.0
62.0,20.0,89.0
61.0,20.0,84.0
57.0,20.0,87.0
55.0,20.0,84.0
58.0,20.0,86.0
57.0,20.0,88.0
57.0,20.0,88.0
58.0,20.0,87.0
55.0,20.0,87.0
57.0,20.0,91.0
58.0,20.0,96.0
56.0,20.0,97.0
53.0,20.0,93.0
51.0,20.0,91.0
50.0,20.0,100.0
49.0,21.0,99.0
57.0,22.0,99.0
55.0,28.0,105.0
58.0,30.0,102.0
58.0,32.0,100.0
54.0,35.0,97.0
57.0,43.0,100.0
63.0,64.0,101.0
78.0,95.0,122.0
75.0,105.0,131.0
72.0,113.0,155.0
90.0,135.0,168.0
96.0,188.0,178.0
132.0,190.0,222.0
172.0,194.0,261.0
215.0,184.0,255.0
276.0,188.0,278.0
289.0,185.0,278.0
310.0,171.0,263.0
286.0,173.0,260.0
289.0,227.0,256.0
290.0,224.0,239.0
294.0,209.0,225.0
266.0,214.0,205.0
240.0,240.0,187.0
218.0,263.0,174.0
199.0,275.0,163.0
188.0,281.0,157.0
171.0,293.0,161.0
161.0,299.0,169.0
149.0,300.0,162.0
141.0,306.0,155.0
134.0,335.0,160.0
128.0,329.0,160.0
122.0,327.0,154.0
118.0,327.0,145.0
136.0,324.0,147.0
134.0,336.0,150.0
122.0,325.0,148.0
119.0,302.0,137.0
159.0,287.0,128.0
174.0,268.0,120.0
228.0,258.0,115.0
254.0,243.0,108.0
243.0,230.0,111.0
221.0,217.0,112.0
201.0,202.0,104.0
191.0,187.0,101.0
184.0,180.0,94.0
207.0,176.0,111.0
212.0,163.0,119.0
203.0,155.0,155.0
204.0,145.0,181.0
207.0,135.0,179.0
223.0,131.0,192.0
211.0,127.0,233.0
206.0,129.0,243.0
224.0,129.0,265.0
280.0,136.0,281.0
312.0,132.0,336.0
298.0,123.0,371.0
307.0,122.0,396.0
305.0,113.0,388.0
300.0,104.0,368.0
318.0,96.0,365.0
316.0,91.0,342.0
306.0,89.0,336.0
323.0,97.0,338.0
310.0,109.0,323.0
301.0,107.0,307.0
276.0,99.0,280.0
291.0,94.0,262.0
272.0,88.0,249.0
249.0,83.0,231.0
233.0,77.0,215.0
227.0,73.0,206.0
230.0,68.0,192.0
228.0,65.0,177.0
234.0,61.0,166.0
243.0,58.0,152.0
254.0,56.0,143.0
262.0,59.0,134.0
266.0,63.0,128.0
266.0,65.0,123.0
264.0,62.0,116.0
257.0,59.0,111.0
246.0,56.0,106.0
233.0,53.0,98.0
216.0,51.0,92.0
199.0,48.0,86.0
183.0,46.0,80.0
169.0,44.0,75.0
156.0,43.0,70.0
144.0,41.0,66.0
133.0,39.0,62.0
127.0,38.0,58.0
123.0,37.0,57.0
120.0,36.0,53.0
120.0,34.0,51.0
121.0,33.0,48.0
122.0,32.0,45.0
122.0,31.0,43.0
124.0,30.0,41.0
125.0,29.0,39.0
126.0,29.0,37.0
127.0,28.0,35.0
130.0,28.0,34.0
132.0,27.0,33.0
133.0,26.0,34.0
136.0,26.0,33.0
138.0,25.0,32.0
139.0,25.0,31.0
141.0,25.0,31.0
144.0,24.0,30.0
146.0,24.0,30.0
147.0,24.0,31.0
149.0,23.0,30.0
150.0,23.0,30.0
150.0,23.0,31.0
150.0,22.0,31.0
150.0,22.0,31.0
149.0,22.0,30.0
148.0,22.0,31.0
147.0,22.0,31.0
146.0,22.0,30.0
144.0,21.0,30.0
142.0,21.0,31.0
142.0,21.0,31.0
141.0,21.0,30.0
140.0,21.0,33.0
141.0,21.0,32.0
142.0,21.0,32.0
142.0,21.0,32.0
143.0,21.0,32.0
144.0,21.0,31.0
145.0,20.0,31.0
146.0,20.0,32.0
148.0,20.0,31.0
149.0,20.0,30.0
149.0,20.0,30.0
149.0,20.0,31.0
151.0,20.0,30.0
152.0,20.0,29.0
152.0,20.0,30.0
153.0,20.0,31.0
154.0,20.0,30.0
154.0,20.0,30.0
154.0,20.0,30.0
156.0,20.0,29.0
156.0,20.0,29.0
156.0,20.0,29.0
157.0,20.0,29.0
159.0,20.0,29.0
159.0,20.0,28.0
159.0,20.0,27.0
161.0,20.0,27.0
162.0,20.0,26.0
162.0,20.0,25.0
163.0,20.0,25.0
164.0,20.0,24.0
164.0,20.0,24.0
164.0,20.0,23.0
165.0,20.0,23.0
166.0,20.0,22.0
165.0,20.0,22.0
165.0,20.0,22.0
166.0,20.0,22.0
166.0,20.0,21.0
165.0,20.0,21.0
165.0,20.0,21.0
165.0,20.0,20.0
164.0,20.0,20.0
164.0,20.0,20.0
165.0,20.0,20.0
164.0,20.0,20.0
164.0,20.0,21.0
164.0,20.0,21.0
164.0,20.0,20.0
163.0,20.0,20.0
163.0,20.0,21.0
163.0,20.0,21.0
163.0,20.0,21.0
162.0,20.0,22.0
163.0,19.0,21.0
164.0,19.0,21.0
163.0,19.0,22.0
163.0,20.0,22.0
164.0,20.0,22.0
163.0,19.0,22.0
163.0,20.0,24.0
163.0,20.0,24.0
164.0,19.0,23.0
163.0,20.0,24.0
163.0,19.0,24.0
164.0,20.0,23.0
163.0,20.0,24.0
163.0,20.0,25.0
163.0,20.0,25.0
163.0,19.0,24.0
162.0,19.0,25.0
162.0,19.0,24.0
163.0,19.0,24.0
163.0,19.0,24.0
163.0,20.0,24.0
164.0,19.0,23.0
164.0,19.0,23.0
164.0,19.0,23.0
164.0,20.0,23.0
165.0,20.0,23.0
165.0,19.0,23.0
165.0,20.0,22.0
166.0,19.0,22.0
167.0,20.0,21.0
166.0,19.0,21.0
167.0,20.0,21.0
167.0,20.0,21.0
167.0,20.0,21.0
166.0,20.0,21.0
166.0,20.0,21.0
166.0,19.0,21.0
164.0,20.0,21.0
165.0,19.0,22.0
165.0,20.0,21.0
164.0,19.0,21.0
163.0,19.0,21.0
163.0,19.0,21.0
163.0,19.0,21.0
161.0,20.0,21.0
162.0,20.0,21.0
162.0,20.0,21.0
161.0,20.0,20.0
160.0,20.0,21.0
160.0,20.0,21.0
160.0,20.0,20.0
159.0,20.0,21.0
158.0,20.0,21.0
158.0,19.0,21.0
157.0,19.0,20.0
155.0,19.0,21.0
156.0,20.0,21.0
155.0,20.0,20.0
153.0,19.0,21.0
152.0,20.0,23.0
153.0,20.0,23.0
153.0,20.0,23.0
151.0,20.0,22.0
152.0,20.0,22.0
151.0,20.0,23.0
150.0,20.0,23.0
151.0,20.0,24.0
150.0,20.0,25.0
148.0,19.0,26.0
146.0,20.0,31.0
144.0,20.0,32.0
142.0,20.0,31.0
140.0,20.0,31.0
139.0,20.0,30.0
141.0,20.0,29.0
138.0,20.0,28.0
136.0,20.0,27.0
133.0,20.0,27.0
131.0,19.0,26.0
131.0,20.0,28.0
130.0,20.0,29.0
128.0,20.0,32.0
126.0,20.0,36.0
123.0,20.0,36.0
120.0,21.0,39.0
121.0,21.0,41.0
123.0,21.0,43.0
120.0,21.0,43.0
118.0,21.0,44.0
117.0,21.0,45.0
118.0,21.0,48.0
121.0,21.0,47.0
118.0,20.0,53.0
116.0,21.0,59.0
121.0,20.0,57.0
117.0,21.0,56.0
116.0,20.0,53.0
124.0,20.0,52.0
120.0,20.0,51.0
117.0,20.0,50.0
115.0,20.0,48.0
113.0,20.0,47.0
112.0,20.0,47.0
117.0,20.0,47.0
111.0,20.0,45.0
109.0,20.0,43.0
117.0,20.0,42.0
112.0,20.0,44.0
111.0,20.0,50.0
112.0,20.0,53.0
112.0,20.0,55.0
112.0,20.0,57.0
112.0,20.0,61.0
115.0,20.0,63.0
115.0,20.0,62.0
125.0,20.0,64.0
138.0,20.0,61.0
132.0,20.0,62.0
137.0,20.0,73.0
131.0,20.0,73.0
127.0,20.0,80.0
122.0,20.0,80.0
121.0,20.0,79.0
120.0,20.0,83.0
136.0,20.0,83.0
132.0,20.0,81.0
125.0,20.0,76.0
122.0,20.0,74.0
119.0,20.0,75.0
111.0,20.0,79.0
107.0,20.0,79.0
101.0,20.0,76.0
96.0,20.0,80.0
93.0,20.0,84.0
87.0,20.0,89.0
89.0,20.0,84.0
86.0,19.0,81.0
83.0,20.0,93.0
77.0,20.0,105.0
72.0,20.0,106.0
81.0,20.0,108.0
100.0,20.0,110.0
100.0,22.0,106.0
94.0,22.0,108.0
88.0,22.0,132.0
106.0,21.0,172.0
105.0,22.0,165.0
102.0,21.0,159.0
101.0,21.0,149.0
108.0,21.0,160.0
113.0,21.0,152.0
133.0,22.0,177.0
140.0,21.0,179.0
150.0,22.0,182.0
203.0,29.0,210.0
203.0,32.0,237.0
290.0,36.0,256.0
302.0,36.0,285.0
328.0,40.0,302.0
324.0,40.0,305.0
350.0,40.0,290.0
329.0,43.0,273.0
303.0,46.0,273.0
299.0,45.0,251.0
286.0,43.0,231.0
276.0,41.0,213.0
256.0,39.0,196.0
237.0,38.0,180.0
220.0,36.0,165.0
205.0,36.0,151.0
191.0,38.0,145.0
187.0,37.0,135.0
178.0,40.0,134.0
167.0,39.0,124.0
175.0,37.0,122.0
170.0,40.0,129.0
170.0,38.0,123.0
176.0,36.0,118.0
168.0,35.0,116.0
162.0,39.0,111.0
155.0,41.0,118.0
157.0,42.0,113.0
157.0,41.0,116.0
149.0,43.0,119.0
160.0,42.0,117.0
168.0,40.0,114.0
179.0,39.0,109.0
173.0,38.0,100.0
185.0,36.0,94.0
171.0,35.0,90.0
164.0,34.0,86.0
151.0,33.0,86.0
149.0,32.0,84.0
149.0,31.0,84.0
143.0,30.0,89.0
137.0,29.0,92.0
141.0,29.0,90.0
146.0,28.0,108.0
148.0,28.0,107.0
153.0,27.0,113.0
150.0,26.0,111.0
168.0,26.0,112.0
165.0,26.0,115.0
175.0,26.0,131.0
184.0,26.0,189.0
178.0,36.0,216.0
193.0,36.0,228.0
190.0,35.0,252.0
186.0,39.0,330.0
191.0,37.0,371.0
200.0,36.0,386.0
189.0,38.0,380.0
176.0,56.0,407.0
164.0,69.0,407.0
199.0,74.0,407.0
229.0,72.0,415.0
243.0,77.0,403.0
263.0,74.0,387.0
272.0,70.0,363.0
255.0,66.0,332.0
245.0,70.0,305.0
224.0,80.0,284.0
221.0,91.0,262.0
207.0,105.0,243.0
188.0,126.0,221.0
173.0,145.0,202.0
164.0,154.0,184.0
157.0,155.0,169.0
146.0,153.0,161.0
133.0,150.0,155.0
122.0,150.0,147.0
111.0,157.0,141.0
101.0,162.0,132.0
92.0,166.0,123.0
87.0,167.0,120.0
83.0,163.0,115.0
78.0,155.0,115.0
76.0,149.0,112.0
75.0,140.0,109.0
75.0,130.0,100.0
77.0,121.0,94.0
81.0,113.0,89.0
83.0,106.0,88.0
86.0,100.0,82.0
91.0,94.0,78.0
95.0,89.0,73.0
97.0,84.0,69.0
99.0,80.0,65.0
102.0,76.0,63.0
103.0,71.0,59.0
103.0,67.0,56.0
105.0,64.0,57.0
105.0,61.0,55.0
105.0,58.0,55.0
104.0,55.0,53.0
105.0,52.0,50.0
102.0,50.0,52.0
100.0,47.0,49.0
98.0,45.0,46.0
97.0,44.0,47.0
95.0,42.0,45.0
92.0,41.0,43.0
91.0,39.0,41.0
90.0,38.0,42.0
87.0,37.0,40.0
86.0,35.0,38.0
85.0,34.0,37.0
85.0,33.0,36.0
84.0,32.0,35.0
84.0,32.0,36.0
85.0,31.0,37.0
85.0,30.0,38.0
84.0,29.0,38.0
85.0,29.0,39.0
86.0,28.0,37.0
87.0,28.0,36.0
88.0,27.0,34.0
91.0,26.0,33.0
93.0,26.0,34.0
95.0,25.0,32.0
97.0,25.0,33.0
99.0,25.0,33.0
102.0,24.0,32.0
103.0,24.0,31.0
105.0,24.0,31.0
107.0,23.0,30.0
110.0,23.0,29.0
111.0,23.0,28.0
113.0,23.0,27.0
116.0,22.0,27.0
117.0,22.0,26.0
118.0,22.0,25.0
121.0,22.0,25.0
122.0,22.0,24.0
123.0,22.0,24.0
125.0,21.0,24.0
128.0,21.0,23.0
129.0,21.0,23.0
131.0,21.0,22.0
134.0,21.0,22.0
135.0,21.0,22.0
136.0,21.0,22.0
138.0,21.0,21.0
140.0,21.0,21.0
141.0,20.0,21.0
142.0,21.0,21.0
144.0,20.0,21.0
145.0,20.0,21.0
145.0,20.0,20.0
147.0,20.0,20.0
150.0,20.0,20.0
150.0,20.0,20.0
151.0,20.0,20.0
153.0,20.0,20.0
154.0,20.0,20.0
155.0,20.0,20.0
157.0,20.0,19.0
159.0,20.0,19.0
160.0,20.0,19.0
161.0,20.0,19.0
162.0,20.0,19.0
163.0,20.0,19.0
163.0,20.0,21.0
164.0,20.0,20.0
164.0,20.0,21.0
164.0,20.0,20.0
164.0,20.0,20.0
165.0,20.0,20.0
166.0,20.0,20.0
166.0,20.0,20.0
167.0,20.0,20.0
167.0,20.0,21.0
167.0,20.0,21.0
167.0,20.0,22.0
168.0,20.0,24.0
167.0,20.0,24.0
166.0,20.0,23.0
166.0,20.0,23.0
166.0,20.0,22.0
166.0,20.0,22.0
166.0,20.0,22.0
166.0,20.0,21.0
166.0,20.0,21.0
165.0,20.0,21.0
164.0,20.0,21.0
164.0,19.0,21.0
163.0,20.0,21.0
163.0,20.0,20.0
163.0,20.0,20.0
163.0,20.0,20.0
161.0,20.0,20.0
160.0,20.0,20.0
159.0,20.0,20.0
158.0,20.0,19.0
157.0,20.0,19.0
157.0,19.0,19.0
156.0,20.0,19.0
154.0,20.0,19.0
154.0,20.0,19.0
154.0,20.0,19.0
153.0,19.0,19.0
152.0,20.0,20.0
152.0,20.0,21.0
153.0,19.0,20.0
152.0,19.0,21.0
153.0,20.0,21.0
153.0,20.0,21.0
153.0,20.0,21.0
152.0,20.0,21.0
153.0,20.0,21.0
153.0,20.0,21.0
152.0,20.0,21.0
151.0,20.0,21.0
152.0,20.0,21.0
151.0,20.0,20.0
150.0,20.0,21.0
151.0,20.0,21.0
151.0,20.0,20.0
150.0,20.0,21.0
150.0,19.0,20.0
150.0,20.0,20.0
149.0,20.0,21.0
148.0,20.0,21.0
147.0,20.0,21.0
146.0,20.0,21.0
144.0,19.0,21.0
144.0,20.0,21.0
143.0,20.0,21.0
141.0,19.0,21.0
140.0,20.0,21.0
139.0,19.0,21.0
138.0,19.0,21.0
137.0,20.0,21.0
136.0,20.0,21.0
137.0,19.0,21.0
136.0,20.0,21.0
135.0,19.0,20.0
135.0,20.0,22.0
134.0,19.0,22.0
132.0,20.0,22.0
131.0,19.0,22.0
130.0,19.0,22.0
128.0,20.0,22.0
127.0,19.0,22.0
127.0,19.0,22.0
126.0,20.0,21.0
124.0,20.0,21.0
124.0,20.0,21.0
123.0,20.0,21.0
122.0,20.0,21.0
121.0,20.0,21.0
120.0,20.0,21.0
120.0,20.0,20.0
118.0,20.0,21.0
118.0,20.0,22.0
117.0,20.0,21.0
116.0,20.0,21.0
115.0,20.0,21.0
114.0,20.0,20.0
114.0,20.0,20.0
112.0,20.0,20.0
111.0,20.0,20.0
111.0,20.0,20.0
109.0,20.0,20.0
108.0,20.0,20.0
107.0,20.0,20.0
106.0,20.0,20.0
105.0,20.0,19.0
107.0,20.0,20.0
105.0,20.0,21.0
102.0,20.0,21.0
100.0,20.0,21.0
106.0,20.0,21.0
102.0,20.0,21.0
99.0,20.0,21.0
97.0,20.0,21.0
96.0,20.0,23.0
94.0,20.0,22.0
91.0,20.0,23.0
90.0,20.0,24.0
91.0,20.0,24.0
92.0,20.0,24.0
88.0,20.0,26.0
87.0,20.0,26.0
86.0,20.0,27.0
85.0,20.0,27.0
84.0,20.0,26.0
84.0,20.0,28.0
81.0,20.0,29.0
82.0,20.0,29.0
82.0,20.0,30.0
87.0,23.0,29.0
96.0,23.0,29.0
93.0,23.0,30.0
105.0,22.0,29.0
113.0,23.0,28.0
106.0,23.0,33.0
101.0,26.0,34.0
147.0,26.0,37.0
161.0,25.0,37.0
158.0,25.0,44.0
149.0,25.0,44.0
138.0,24.0,43.0
150.0,24.0,43.0
145.0,23.0,54.0
135.0,23.0,55.0
128.0,23.0,65.0
121.0,23.0,73.0
115.0,23.0,80.0
125.0,23.0,84.0
118.0,23.0,84.0
114.0,23.0,83.0
113.0,24.0,86.0
127.0,23.0,84.0
126.0,23.0,94.0
131.0,23.0,94.0
122.0,22.0,96.0
113.0,22.0,101.0
107.0,22.0,107.0
110.0,22.0,108.0
110.0,22.0,106.0
115.0,22.0,100.0
106.0,21.0,100.0
103.0,21.0,104.0
115.0,21.0,107.0
110.0,21.0,115.0
101.0,21.0,114.0
95.0,21.0,121.0
89.0,20.0,124.0
85.0,21.0,119.0
80.0,21.0,115.0
78.0,21.0,107.0
75.0,21.0,101.0
71.0,20.0,98.0
74.0,20.0,115.0
72.0,20.0,120.0
73.0,21.0,118.0
71.0,20.0,116.0
67.0,20.0,136.0
67.0,20.0,170.0
71.0,20.0,172.0
66.0,20.0,168.0
89.0,20.0,170.0
94.0,22.0,182.0
123.0,22.0,182.0
178.0,24.0,203.0
194.0,29.0,200.0
202.0,28.0,210.0
233.0,29.0,220.0
222.0,28.0,214.0
226.0,28.0,225.0
240.0,27.0,209.0
294.0,27.0,211.0
281.0,26.0,204.0
261.0,27.0,200.0
245.0,34.0,190.0
235.0,32.0,175.0
225.0,34.0,161.0
217.0,42.0,148.0
208.0,54.0,143.0
200.0,61.0,134.0
208.0,63.0,130.0
196.0,72.0,135.0
204.0,72.0,128.0
200.0,72.0,137.0
201.0,78.0,131.0
212.0,87.0,128.0
200.0,86.0,121.0
196.0,86.0,118.0
186.0,108.0,115.0
171.0,108.0,118.0
163.0,103.0,116.0
186.0,107.0,108.0
175.0,101.0,99.0
168.0,100.0,92.0
159.0,97.0,91.0
169.0,92.0,90.0
166.0,89.0,92.0
166.0,84.0,90.0
167.0,79.0,88.0
156.0,74.0,96.0
144.0,70.0,120.0
135.0,66.0,128.0
125.0,63.0,125.0
117.0,59.0,137.0
119.0,56.0,140.0
111.0,53.0,142.0
102.0,50.0,150.0
111.0,48.0,152.0
106.0,45.0,183.0
109.0,44.0,184.0
107.0,48.0,200.0
105.0,45.0,198.0
108.0,44.0,201.0
164.0,43.0,260.0
196.0,42.0,269.0
221.0,41.0,267.0
227.0,41.0,297.0
213.0,42.0,344.0
259.0,47.0,379.0
257.0,49.0,396.0
253.0,47.0,374.0
240.0,44.0,366.0
254.0,43.0,342.0
241.0,57.0,323.0
253.0,67.0,307.0
251.0,72.0,309.0
252.0,71.0,284.0
253.0,89.0,265.0
255.0,94.0,246.0
256.0,112.0,225.0
253.0,126.0,205.0
249.0,137.0,189.0
244.0,148.0,176.0
237.0,161.0,167.0
230.0,173.0,158.0
221.0,187.0,148.0
208.0,203.0,139.0
195.0,214.0,130.0
183.0,223.0,120.0
169.0,229.0,111.0
156.0,230.0,106.0
144.0,227.0,102.0
131.0,221.0,102.0
120.0,210.0,97.0
111.0,198.0,90.0
101.0,185.0,84.0
93.0,171.0,78.0
87.0,160.0,74.0
81.0,149.0,70.0
75.0,140.0,66.0
70.0,130.0,62.0
65.0,122.0,58.0
61.0,115.0,55.0
57.0,108.0,52.0
53.0,101.0,50.0
50.0,95.0,47.0
47.0,90.0,46.0
44.0,85.0,46.0
42.0,81.0,45.0
40.0,77.0,44.0
38.0,72.0,42.0
36.0,69.0,44.0
34.0,65.0,44.0
32.0,62.0,42.0
31.0,59.0,40.0
29.0,57.0,40.0
28.0,54.0,39.0
27.0,52.0,42.0
26.0,49.0,44.0
25.0,48.0,44.0
24.0,46.0,44.0
23.0,44.0,42.0
22.0,42.0,40.0
22.0,41.0,38.0
21.0,39.0,38.0
20.0,38.0,37.0
20.0,37.0,36.0
19.0,36.0,37.0
19.0,34.0,36.0
18.0,34.0,36.0
24.0,33.0,34.0
24.0,32.0,36.0
23.0,31.0,36.0
22.0,30.0,35.0
21.0,29.0,35.0
20.0,29.0,35.0
20.0,28.0,34.0
19.0,28.0,33.0
19.0,27.0,33.0
18.0,26.0,35.0
18.0,26.0,35.0
17.0,25.0,34.0
17.0,25.0,35.0
17.0,25.0,34.0
16.0,24.0,34.0
16.0,24.0,33.0
16.0,24.0,34.0
16.0,24.0,33.0
15.0,23.0,33.0
15.0,23.0,34.0
15.0,23.0,35.0
15.0,23.0,34.0
15.0,22.0,33.0
14.0,22.0,34.0
14.0,22.0,34.0
14.0,22.0,34.0
14.0,22.0,34.0
14.0,22.0,36.0
14.0,21.0,37.0
14.0,21.0,37.0
14.0,21.0,37.0
14.0,21.0,39.0
14.0,21.0,38.0
13.0,21.0,39.0
14.0,21.0,40.0
13.0,21.0,42.0
13.0,21.0,42.0
13.0,21.0,43.0
13.0,20.0,45.0
13.0,21.0,46.0
13.0,20.0,46.0
13.0,20.0,45.0
13.0,20.0,45.0
13.0,20.0,47.0
14.0,20.0,46.0
14.0,20.0,46.0
14.0,20.0,46.0
14.0,20.0,47.0
14.0,20.0,47.0
15.0,20.0,46.0
14.0,20.0,47.0
14.0,20.0,47.0
15.0,20.0,47.0
15.0,20.0,45.0
15.0,20.0,46.0
15.0,20.0,47.0
16.0,20.0,46.0
16.0,20.0,45.0
16.0,20.0,46.0
16.0,20.0,47.0
17.0,20.0,46.0
18.0,20.0,47.0
18.0,20.0,48.0
19.0,20.0,50.0
20.0,20.0,48.0
21.0,20.0,48.0
21.0,20.0,48.0
22.0,20.0,49.0
22.0,20.0,48.0
22.0,20.0,48.0
22.0,20.0,50.0
23.0,20.0,50.0
24.0,20.0,49.0
24.0,19.0,50.0
24.0,20.0,51.0
25.0,19.0,50.0
25.0,20.0,51.0
25.0,20.0,51.0
24.0,20.0,54.0
25.0,20.0,54.0
25.0,20.0,55.0
24.0,20.0,56.0
24.0,20.0,58.0
25.0,20.0,57.0
25.0,19.0,57.0
25.0,19.0,59.0
25.0,19.0,60.0
25.0,19.0,60.0
25.0,20.0,60.0
24.0,19.0,62.0
25.0,20.0,63.0
25.0,19.0,63.0
25.0,19.0,63.0
24.0,19.0,65.0
25.0,20.0,65.0
25.0,20.0,65.0
25.0,20.0,66.0
25.0,20.0,68.0
25.0,20.0,68.0
25.0,20.0,67.0
25.0,20.0,68.0
25.0,20.0,69.0
25.0,19.0,67.0
25.0,20.0,68.0
25.0,19.0,69.0
24.0,20.0,71.0
24.0,20.0,72.0
24.0,19.0,70.0
23.0,20.0,72.0
23.0,20.0,72.0
23.0,19.0,74.0
23.0,20.0,74.0
22.0,19.0,75.0
22.0,19.0,76.0
22.0,19.0,75.0
22.0,20.0,74.0
21.0,20.0,75.0
21.0,20.0,75.0
22.0,19.0,74.0
22.0,20.0,74.0
22.0,20.0,74.0
22.0,20.0,74.0
23.0,19.0,73.0
23.0,19.0,73.0
23.0,19.0,73.0
23.0,20.0,72.0
24.0,19.0,72.0
23.0,19.0,72.0
23.0,19.0,73.0
24.0,20.0,72.0
24.0,19.0,70.0
23.0,19.0,72.0
23.0,19.0,72.0
23.0,20.0,71.0
22.0,19.0,70.0
22.0,20.0,70.0
21.0,19.0,70.0
22.0,19.0,69.0
21.0,19.0,69.0
21.0,19.0,69.0
20.0,19.0,68.0
20.0,19.0,66.0
19.0,19.0,65.0
19.0,19.0,65.0
19.0,19.0,64.0
18.0,19.0,62.0
18.0,19.0,61.0
17.0,20.0,61.0
17.0,20.0,60.0
18.0,19.0,58.0
17.0,19.0,57.0
17.0,19.0,57.0
16.0,19.0,55.0
16.0,19.0,54.0
16.0,19.0,54.0
16.0,19.0,53.0
15.0,20.0,52.0
15.0,19.0,50.0
15.0,19.0,50.0
15.0,20.0,49.0
15.0,19.0,48.0
14.0,20.0,47.0
14.0,19.0,46.0
14.0,20.0,46.0
14.0,19.0,44.0
14.0,20.0,43.0
14.0,19.0,43.0
14.0,19.0,41.0
14.0,19.0,39.0
14.0,19.0,38.0
14.0,19.0,39.0
13.0,19.0,38.0
14.0,19.0,37.0
14.0,20.0,35.0
14.0,19.0,35.0
13.0,19.0,34.0
13.0,19.0,33.0
13.0,19.0,33.0
13.0,19.0,33.0
13.0,19.0,32.0
14.0,19.0,31.0
13.0,19.0,30.0
13.0,19.0,29.0
14.0,19.0,28.0
14.0,19.0,27.0
13.0,19.0,27.0
14.0,20.0,26.0
14.0,19.0,26.0
14.0,19.0,25.0
14.0,19.0,25.0
14.0,19.0,24.0
15.0,19.0,25.0
15.0,19.0,24.0
15.0,19.0,24.0
15.0,19.0,24.0
15.0,19.0,23.0
15.0,19.0,22.0
15.0,19.0,22.0
16.0,20.0,22.0
17.0,20.0,22.0
17.0,19.0,21.0
17.0,20.0,21.0
17.0,19.0,21.0
18.0,19.0,21.0
18.0,19.0,20.0
18.0,20.0,20.0
18.0,19.0,20.0
19.0,19.0,20.0
18.0,19.0,19.0
18.0,19.0,20.0
19.0,20.0,19.0
19.0,19.0,19.0
19.0,19.0,19.0
19.0,19.0,19.0
20.0,19.0,20.0
21.0,19.0,19.0
23.0,20.0,20.0
22.0,20.0,20.0
22.0,20.0,21.0
21.0,20.0,22.0
24.0,20.0,22.0
27.0,20.0,22.0
26.0,19.0,22.0
26.0,19.0,23.0
25.0,20.0,23.0
25.0,20.0,24.0
24.0,20.0,26.0
24.0,20.0,29.0
29.0,20.0,29.0
29.0,20.0,30.0
32.0,20.0,28.0
30.0,20.0,29.0
31.0,20.0,33.0
31.0,20.0,34.0
38.0,20.0,36.0
38.0,20.0,41.0
44.0,20.0,46.0
57.0,20.0,51.0
54.0,20.0,51.0
52.0,20.0,56.0
57.0,21.0,55.0
54.0,21.0,55.0
51.0,21.0,61.0
53.0,21.0,60.0
52.0,21.0,58.0
50.0,21.0,56.0
53.0,21.0,54.0
52.0,20.0,53.0
50.0,21.0,61.0
49.0,20.0,75.0
48.0,20.0,72.0
47.0,21.0,76.0
48.0,21.0,78.0
48.0,20.0,86.0
48.0,20.0,94.0
49.0,20.0,91.0
49.0,20.0,94.0
50.0,20.0,103.0
48.0,20.0,115.0
48.0,20.0,121.0
47.0,20.0,118.0
46.0,20.0,114.0
50.0,20.0,117.0
49.0,20.0,118.0
55.0,20.0,112.0
52.0,20.0,106.0
54.0,20.0,104.0
61.0,20.0,110.0
63.0,20.0,118.0
59.0,20.0,118.0
55.0,20.0,124.0
51.0,20.0,131.0
48.0,20.0,131.0
46.0,20.0,133.0
43.0,20.0,131.0
41.0,20.0,129.0
39.0,20.0,125.0
40.0,20.0,120.0
46.0,20.0,114.0
48.0,20.0,117.0
53.0,20.0,130.0
58.0,20.0,124.0
64.0,20.0,122.0
68.0,20.0,131.0
102.0,24.0,139.0
106.0,39.0,138.0
121.0,58.0,148.0
156.0,66.0,170.0
216.0,72.0,170.0
227.0,101.0,164.0
245.0,118.0,177.0
252.0,125.0,195.0
284.0,121.0,209.0
327.0,118.0,216.0
324.0,109.0,212.0
324.0,103.0,208.0
326.0,105.0,199.0
323.0,111.0,194.0
299.0,104.0,189.0
311.0,99.0,185.0
304.0,96.0,176.0
280.0,103.0,163.0
255.0,122.0,151.0
231.0,132.0,141.0
211.0,135.0,130.0
196.0,144.0,121.0
185.0,159.0,116.0
178.0,165.0,109.0
176.0,166.0,109.0
171.0,170.0,114.0
170.0,164.0,116.0
176.0,154.0,122.0
168.0,144.0,124.0
166.0,161.0,130.0
154.0,165.0,129.0
164.0,156.0,125.0
177.0,144.0,118.0
173.0,139.0,116.0
170.0,141.0,115.0
176.0,138.0,118.0
176.0,128.0,110.0
173.0,118.0,103.0
163.0,109.0,97.0
156.0,102.0,91.0
148.0,96.0,89.0
137.0,90.0,83.0
129.0,85.0,78.0
120.0,80.0,80.0
112.0,75.0,79.0
108.0,71.0,87.0
107.0,67.0,93.0
106.0,64.0,99.0
103.0,61.0,109.0
103.0,57.0,107.0
108.0,54.0,118.0
111.0,51.0,129.0
117.0,49.0,142.0
127.0,46.0,154.0
133.0,44.0,151.0
132.0,43.0,166.0
149.0,45.0,189.0
180.0,45.0,214.0
230.0,43.0,214.0
244.0,49.0,204.0
272.0,50.0,254.0
310.0,49.0,269.0
335.0,56.0,270.0
312.0,57.0,297.0
323.0,61.0,285.0
317.0,65.0,285.0
297.0,66.0,299.0
293.0,77.0,304.0
330.0,84.0,292.0
319.0,87.0,282.0
308.0,83.0,270.0
294.0,78.0,252.0
268.0,74.0,233.0
247.0,73.0,217.0
232.0,79.0,199.0
219.0,86.0,183.0
208.0,86.0,170.0
200.0,80.0,159.0
193.0,76.0,152.0
186.0,71.0,149.0
180.0,67.0,145.0
172.0,66.0,140.0
161.0,67.0,135.0
151.0,64.0,129.0
142.0,60.0,122.0
134.0,57.0,116.0
125.0,54.0,110.0
118.0,51.0,102.0
108.0,49.0,97.0
101.0,47.0,95.0
93.0,45.0,90.0
87.0,43.0,87.0
81.0,42.0,83.0
76.0,40.0,81.0
71.0,39.0,78.0
67.0,37.0,76.0
63.0,36.0,75.0
59.0,35.0,72.0
56.0,34.0,68.0
52.0,33.0,66.0
49.0,32.0,66.0
47.0,31.0,64.0
44.0,30.0,61.0
42.0,30.0,60.0
40.0,29.0,59.0
38.0,28.0,56.0
36.0,28.0,58.0
34.0,27.0,55.0
32.0,27.0,54.0
31.0,26.0,52.0
30.0,26.0,49.0
29.0,25.0,48.0
28.0,25.0,49.0
27.0,25.0,47.0
26.0,24.0,46.0
26.0,24.0,46.0
25.0,24.0,45.0
24.0,23.0,44.0
23.0,23.0,43.0
23.0,23.0,43.0
22.0,22.0,44.0
21.0,22.0,42.0
21.0,22.0,41.0
20.0,22.0,41.0
20.0,22.0,42.0
19.0,22.0,40.0
19.0,22.0,40.0
18.0,21.0,40.0
18.0,21.0,41.0
17.0,21.0,40.0
17.0,21.0,40.0
17.0,21.0,41.0
17.0,21.0,40.0
16.0,21.0,39.0
16.0,21.0,39.0
16.0,21.0,40.0
16.0,21.0,42.0
16.0,21.0,43.0
15.0,21.0,43.0
16.0,20.0,44.0
15.0,20.0,43.0
16.0,20.0,42.0
17.0,20.0,42.0
18.0,20.0,44.0
17.0,20.0,43.0
17.0,20.0,41.0
18.0,20.0,43.0
19.0,20.0,43.0
19.0,20.0,42.0
20.0,20.0,41.0
22.0,20.0,42.0
23.0,20.0,41.0
24.0,20.0,40.0
25.0,20.0,40.0
27.0,20.0,41.0
28.0,20.0,42.0
28.0,20.0,43.0
29.0,20.0,44.0
31.0,20.0,46.0
31.0,20.0,45.0
32.0,20.0,43.0
33.0,20.0,43.0
33.0,20.0,42.0
32.0,20.0,41.0
32.0,20.0,40.0
33.0,20.0,41.0
33.0,20.0,39.0
32.0,20.0,37.0
33.0,20.0,36.0
34.0,20.0,36.0
34.0,19.0,36.0
33.0,20.0,34.0
34.0,20.0,35.0
35.0,20.0,35.0
35.0,20.0,36.0
34.0,20.0,34.0
34.0,20.0,33.0
36.0,20.0,35.0
35.0,19.0,34.0
34.0,20.0,34.0
34.0,19.0,33.0
34.0,20.0,32.0
34.0,19.0,32.0
34.0,20.0,31.0
34.0,20.0,32.0
34.0,19.0,32.0
33.0,19.0,31.0
33.0,20.0,30.0
35.0,20.0,29.0
36.0,20.0,30.0
35.0,20.0,30.0
36.0,20.0,30.0
37.0,20.0,30.0
37.0,19.0,31.0
36.0,19.0,30.0
36.0,19.0,29.0
36.0,20.0,28.0
36.0,19.0,28.0
36.0,20.0,28.0
36.0,19.0,29.0
37.0,20.0,30.0
37.0,19.0,30.0
37.0,19.0,29.0
37.0,20.0,28.0
38.0,19.0,29.0
38.0,19.0,29.0
38.0,20.0,28.0
38.0,20.0,28.0
38.0,20.0,28.0
38.0,20.0,27.0
37.0,20.0,28.0
36.0,19.0,28.0
36.0,20.0,28.0
35.0,20.0,28.0
34.0,19.0,27.0
34.0,19.0,27.0
34.0,19.0,28.0
33.0,19.0,28.0
33.0,20.0,27.0
32.0,20.0,28.0
32.0,19.0,28.0
31.0,19.0,28.0
30.0,19.0,27.0
30.0,20.0,29.0
30.0,19.0,28.0
29.0,20.0,28.0
28.0,20.0,27.0
28.0,20.0,27.0
27.0,20.0,29.0
26.0,19.0,30.0
25.0,19.0,29.0
25.0,19.0,29.0
24.0,19.0,29.0
23.0,20.0,30.0
22.0,19.0,28.0
22.0,19.0,28.0
21.0,19.0,27.0
21.0,20.0,27.0
20.0,19.0,26.0
20.0,20.0,27.0
19.0,19.0,27.0
19.0,19.0,27.0
19.0,20.0,27.0
18.0,19.0,26.0
18.0,20.0,26.0
17.0,20.0,25.0
17.0,20.0,25.0
17.0,19.0,25.0
17.0,19.0,25.0
16.0,20.0,24.0
16.0,20.0,25.0
16.0,19.0,25.0
16.0,20.0,24.0
16.0,19.0,24.0
15.0,19.0,25.0
15.0,19.0,24.0
15.0,19.0,24.0
15.0,20.0,24.0
15.0,19.0,24.0
14.0,19.0,24.0
14.0,19.0,23.0
14.0,20.0,24.0
14.0,19.0,25.0
14.0,19.0,24.0
14.0,19.0,24.0
14.0,20.0,25.0
14.0,20.0,26.0
13.0,19.0,25.0
13.0,19.0,25.0
13.0,20.0,24.0
13.0,19.0,24.0
13.0,20.0,26.0
13.0,19.0,26.0
13.0,19.0,26.0
13.0,19.0,26.0
13.0,19.0,26.0
13.0,19.0,25.0
13.0,19.0,26.0
13.0,19.0,26.0
13.0,20.0,25.0
13.0,19.0,25.0
13.0,20.0,26.0
13.0,19.0,26.0
13.0,19.0,25.0
13.0,19.0,25.0
13.0,19.0,25.0
13.0,19.0,24.0
13.0,19.0,24.0
13.0,19.0,24.0
13.0,19.0,24.0
13.0,19.0,23.0
13.0,19.0,23.0
13.0,19.0,22.0
13.0,19.0,23.0
13.0,19.0,23.0
13.0,20.0,23.0
13.0,19.0,23.0
12.0,19.0,22.0
12.0,19.0,22.0
13.0,19.0,22.0
13.0,20.0,22.0
13.0,19.0,22.0
13.0,19.0,22.0
13.0,20.0,22.0
13.0,19.0,22.0
13.0,19.0,22.0
12.0,20.0,22.0
12.0,19.0,22.0
12.0,19.0,23.0
13.0,19.0,24.0
13.0,20.0,23.0
13.0,20.0,23.0
13.0,19.0,24.0
12.0,19.0,25.0
13.0,20.0,24.0
12.0,20.0,25.0
12.0,19.0,26.0
12.0,19.0,25.0
12.0,19.0,25.0
12.0,19.0,27.0
12.0,19.0,29.0
12.0,19.0,29.0
12.0,20.0,29.0
12.0,19.0,31.0
12.0,20.0,34.0
12.0,19.0,33.0
12.0,19.0,33.0
12.0,20.0,36.0
12.0,20.0,43.0
12.0,19.0,44.0
12.0,19.0,44.0
12.0,19.0,43.0
12.0,20.0,41.0
12.0,20.0,39.0
12.0,20.0,38.0
12.0,20.0,41.0
12.0,20.0,40.0
12.0,20.0,40.0
12.0,20.0,41.0
12.0,20.0,41.0
12.0,20.0,39.0
12.0,20.0,38.0
12.0,20.0,38.0
12.0,20.0,44.0
12.0,20.0,45.0
12.0,20.0,44.0
12.0,20.0,42.0
13.0,20.0,42.0
15.0,20.0,44.0
15.0,20.0,43.0
15.0,20.0,46.0
15.0,20.0,46.0
18.0,20.0,54.0
20.0,20.0,57.0
31.0,20.0,64.0
30.0,20.0,63.0
31.0,20.0,69.0
30.0,20.0,84.0
29.0,20.0,85.0
28.0,20.0,88.0
27.0,20.0,88.0
26.0,20.0,86.0
26.0,19.0,82.0
28.0,20.0,82.0
29.0,20.0,80.0
30.0,20.0,76.0
31.0,20.0,80.0
31.0,20.0,78.0
30.0,19.0,74.0
32.0,20.0,73.0
37.0,20.0,73.0
38.0,20.0,77.0
37.0,20.0,81.0
37.0,19.0,97.0
37.0,20.0,95.0
35.0,20.0,97.0
35.0,20.0,100.0
36.0,20.0,119.0
34.0,19.0,123.0
32.0,20.0,119.0
36.0,20.0,117.0
38.0,21.0,124.0
36.0,21.0,125.0
34.0,21.0,130.0
36.0,23.0,130.0
34.0,25.0,147.0
42.0,24.0,155.0
40.0,24.0,159.0
38.0,23.0,148.0
47.0,24.0,147.0
63.0,24.0,157.0
60.0,23.0,169.0
77.0,26.0,182.0
101.0,28.0,207.0
98.0,29.0,251.0
138.0,30.0,304.0
154.0,31.0,360.0
172.0,34.0,353.0
172.0,34.0,438.0
166.0,42.0,466.0
167.0,41.0,476.0
189.0,39.0,470.0
210.0,46.0,476.0
217.0,49.0,454.0
205.0,49.0,441.0
192.0,50.0,412.0
186.0,48.0,387.0
175.0,49.0,355.0
163.0,55.0,328.0
149.0,55.0,301.0
137.0,61.0,278.0
127.0,72.0,258.0
122.0,78.0,237.0
121.0,87.0,220.0
122.0,94.0,207.0
136.0,90.0,195.0
137.0,92.0,187.0
148.0,93.0,185.0
159.0,89.0,174.0
150.0,102.0,171.0
151.0,121.0,162.0
167.0,127.0,154.0
164.0,123.0,151.0
151.0,140.0,155.0
162.0,142.0,146.0
159.0,138.0,143.0
167.0,138.0,136.0
165.0,150.0,129.0
155.0,161.0,124.0
152.0,166.0,120.0
169.0,167.0,113.0
199.0,176.0,106.0
212.0,187.0,98.0
208.0,197.0,91.0
195.0,205.0,85.0
178.0,213.0,80.0
163.0,229.0,86.0
149.0,234.0,118.0
136.0,240.0,119.0
124.0,244.0,116.0
115.0,248.0,135.0
106.0,250.0,150.0
97.0,245.0,155.0
89.0,240.0,150.0
83.0,238.0,145.0
80.0,239.0,155.0
87.0,236.0,194.0
104.0,224.0,209.0
122.0,226.0,208.0
117.0,221.0,195.0
117.0,222.0,213.0
121.0,223.0,287.0
176.0,237.0,347.0
178.0,224.0,349.0
228.0,206.0,398.0
262.0,191.0,417.0
245.0,183.0,409.0
276.0,177.0,398.0
270.0,170.0,418.0
261.0,161.0,406.0
294.0,148.0,376.0
284.0,141.0,372.0
291.0,134.0,342.0
331.0,123.0,311.0
311.0,114.0,285.0
286.0,107.0,262.0
263.0,99.0,239.0
247.0,94.0,219.0
241.0,88.0,200.0
237.0,83.0,184.0
235.0,78.0,169.0
231.0,73.0,157.0
226.0,69.0,149.0
221.0,65.0,141.0
212.0,61.0,134.0
202.0,58.0,128.0
191.0,55.0,119.0
180.0,52.0,110.0
168.0,49.0,102.0
157.0,47.0,104.0
147.0,45.0,102.0
136.0,43.0,95.0
127.0,41.0,89.0
118.0,40.0,83.0
109.0,38.0,78.0
101.0,37.0,73.0
93.0,36.0,69.0
87.0,35.0,65.0
82.0,34.0,62.0
76.0,33.0,59.0
72.0,32.0,59.0
67.0,31.0,59.0
63.0,31.0,58.0
59.0,30.0,55.0
56.0,29.0,52.0
53.0,29.0,50.0
49.0,28.0,49.0
47.0,27.0,47.0
44.0,27.0,44.0
42.0,27.0,44.0
40.0,26.0,49.0
38.0,26.0,48.0
36.0,25.0,49.0
35.0,25.0,47.0
34.0,25.0,47.0
32.0,24.0,47.0
31.0,24.0,45.0
29.0,24.0,43.0
28.0,24.0,41.0
27.0,23.0,40.0
26.0,23.0,41.0
25.0,23.0,42.0
24.0,23.0,41.0
23.0,22.0,39.0
23.0,22.0,37.0
22.0,22.0,36.0
21.0,22.0,34.0
20.0,22.0,33.0
20.0,22.0,32.0
19.0,22.0,31.0
19.0,21.0,30.0
18.0,21.0,32.0
18.0,21.0,33.0
18.0,21.0,32.0
17.0,21.0,31.0
17.0,21.0,30.0
17.0,21.0,29.0
17.0,21.0,28.0
17.0,20.0,28.0
16.0,21.0,27.0
16.0,21.0,29.0
17.0,20.0,29.0
16.0,20.0,29.0
16.0,20.0,29.0
16.0,20.0,28.0
17.0,20.0,28.0
17.0,20.0,28.0
17.0,20.0,27.0
18.0,20.0,27.0
19.0,20.0,28.0
19.0,20.0,27.0
20.0,20.0,27.0
21.0,20.0,26.0
22.0,20.0,26.0
22.0,20.0,27.0
23.0,20.0,29.0
24.0,20.0,29.0
25.0,20.0,29.0
25.0,20.0,29.0
26.0,20.0,28.0
27.0,20.0,28.0
27.0,20.0,28.0
27.0,20.0,28.0
28.0,20.0,32.0
29.0,20.0,32.0
29.0,20.0,31.0
29.0,20.0,30.0
29.0,20.0,30.0
30.0,20.0,31.0
30.0,20.0,31.0
30.0,20.0,31.0
31.0,20.0,31.0
32.0,20.0,32.0
31.0,20.0,31.0
31.0,20.0,32.0
31.0,20.0,32.0
32.0,20.0,33.0
31.0,20.0,33.0
31.0,20.0,32.0
31.0,20.0,31.0
32.0,20.0,33.0
32.0,20.0,33.0
32.0,20.0,35.0
33.0,19.0,34.0
34.0,20.0,33.0
35.0,20.0,34.0
35.0,20.0,33.0
36.0,20.0,33.0
36.0,20.0,34.0
36.0,20.0,33.0
36.0,20.0,32.0
37.0,20.0,33.0
38.0,20.0,32.0
38.0,20.0,32.0
38.0,20.0,32.0
39.0,20.0,33.0
39.0,20.0,32.0
38.0,20.0,31.0
39.0,20.0,31.0
39.0,20.0,32.0
40.0,20.0,35.0
39.0,20.0,34.0
39.0,20.0,33.0
40.0,20.0,32.0
40.0,19.0,32.0
40.0,20.0,31.0
40.0,20.0,31.0
41.0,19.0,31.0
40.0,20.0,30.0
40.0,20.0,29.0
40.0,20.0,30.0
40.0,19.0,30.0
39.0,20.0,29.0
38.0,20.0,28.0
39.0,20.0,31.0
38.0,19.0,30.0
38.0,20.0,29.0
38.0,20.0,29.0
38.0,20.0,29.0
38.0,19.0,29.0
37.0,19.0,28.0
38.0,20.0,28.0
38.0,20.0,29.0
37.0,20.0,29.0
37.0,19.0,28.0
36.0,20.0,28.0
37.0,20.0,29.0
36.0,19.0,32.0
36.0,20.0,32.0
35.0,20.0,32.0
35.0,19.0,33.0
34.0,19.0,32.0
34.0,20.0,32.0
34.0,20.0,33.0
33.0,19.0,32.0
33.0,20.0,32.0
32.0,20.0,35.0
33.0,19.0,35.0
32.0,19.0,38.0
31.0,20.0,36.0
31.0,20.0,36.0
32.0,20.0,41.0
31.0,20.0,44.0
30.0,19.0,43.0
30.0,19.0,41.0
31.0,19.0,44.0
32.0,19.0,45.0
31.0,19.0,44.0
32.0,20.0,42.0
33.0,19.0,42.0
32.0,20.0,42.0
31.0,20.0,41.0
32.0,20.0,40.0
32.0,19.0,40.0
32.0,20.0,39.0
31.0,20.0,38.0
32.0,20.0,40.0
31.0,19.0,40.0
30.0,19.0,39.0
29.0,19.0,39.0
29.0,20.0,39.0
29.0,20.0,43.0
28.0,19.0,41.0
27.0,20.0,39.0
27.0,20.0,42.0
27.0,19.0,41.0
26.0,19.0,39.0
25.0,19.0,38.0
24.0,19.0,38.0
24.0,19.0,39.0
23.0,20.0,37.0
22.0,20.0,36.0
22.0,19.0,36.0
21.0,19.0,36.0
20.0,20.0,35.0
20.0,20.0,35.0
20.0,19.0,34.0
20.0,19.0,35.0
19.0,20.0,34.0
19.0,20.0,34.0
19.0,20.0,35.0
18.0,20.0,35.0
18.0,19.0,33.0
18.0,19.0,34.0
18.0,19.0,35.0
18.0,19.0,34.0
17.0,19.0,35.0
17.0,19.0,34.0
17.0,19.0,34.0
17.0,20.0,33.0
17.0,19.0,32.0
17.0,19.0,32.0
17.0,19.0,32.0
17.0,19.0,32.0
17.0,20.0,32.0
17.0,20.0,32.0
16.0,20.0,32.0
16.0,20.0,31.0
16.0,20.0,30.0
17.0,19.0,29.0
17.0,19.0,29.0
17.0,19.0,29.0
16.0,19.0,29.0
17.0,19.0,28.0
16.0,19.0,27.0
16.0,20.0,27.0
16.0,19.0,26.0
16.0,19.0,26.0
16.0,19.0,25.0
15.0,19.0,25.0
16.0,20.0,24.0
16.0,20.0,24.0
16.0,19.0,23.0
16.0,19.0,23.0
16.0,19.0,23.0
16.0,19.0,22.0
16.0,19.0,22.0
16.0,19.0,23.0
17.0,19.0,23.0
17.0,19.0,22.0
16.0,19.0,22.0
16.0,19.0,22.0
17.0,19.0,22.0
16.0,20.0,21.0
16.0,20.0,21.0
17.0,20.0,21.0
17.0,20.0,21.0
17.0,19.0,21.0
17.0,19.0,22.0
17.0,19.0,22.0
17.0,19.0,25.0
17.0,19.0,25.0
17.0,19.0,24.0
18.0,19.0,27.0
18.0,19.0,29.0
18.0,20.0,30.0
18.0,20.0,30.0
18.0,20.0,32.0
18.0,19.0,30.0
18.0,20.0,30.0
18.0,19.0,33.0
18.0,20.0,32.0
17.0,20.0,31.0
17.0,19.0,30.0
17.0,19.0,30.0
18.0,19.0,30.0
17.0,19.0,29.0
17.0,19.0,29.0
18.0,20.0,30.0
20.0,19.0,30.0
19.0,19.0,30.0
18.0,19.0,29.0
18.0,20.0,28.0
18.0,20.0,30.0
18.0,20.0,30.0
18.0,19.0,29.0
18.0,20.0,29.0
18.0,19.0,28.0
18.0,20.0,29.0
17.0,20.0,28.0
21.0,20.0,29.0
28.0,19.0,32.0
27.0,19.0,32.0
26.0,19.0,31.0
25.0,19.0,31.0
25.0,19.0,31.0
25.0,20.0,34.0
25.0,20.0,37.0
27.0,20.0,44.0
27.0,19.0,46.0
26.0,20.0,44.0
29.0,20.0,45.0
40.0,21.0,50.0
40.0,20.0,48.0
41.0,21.0,47.0
40.0,21.0,49.0
60.0,21.0,51.0
57.0,21.0,50.0
54.0,21.0,50.0
57.0,21.0,52.0
63.0,21.0,52.0
68.0,21.0,58.0
63.0,21.0,58.0
59.0,20.0,61.0
66.0,21.0,64.0
98.0,20.0,72.0
99.0,21.0,68.0
93.0,21.0,71.0
87.0,21.0,84.0
84.0,21.0,91.0
88.0,21.0,94.0
96.0,21.0,103.0
94.0,20.0,107.0
89.0,20.0,106.0
85.0,20.0,114.0
80.0,20.0,114.0
80.0,20.0,122.0
76.0,20.0,129.0
75.0,20.0,144.0
72.0,21.0,161.0
69.0,21.0,176.0
72.0,25.0,190.0
79.0,27.0,198.0
88.0,30.0,207.0
151.0,39.0,215.0
203.0,47.0,244.0
200.0,55.0,292.0
233.0,53.0,325.0
244.0,55.0,319.0
259.0,58.0,349.0
273.0,56.0,349.0
291.0,56.0,327.0
301.0,53.0,305.0
293.0,51.0,286.0
306.0,49.0,265.0
300.0,46.0,251.0
304.0,44.0,238.0
283.0,42.0,223.0
261.0,41.0,207.0
247.0,45.0,190.0
232.0,55.0,174.0
221.0,57.0,160.0
214.0,59.0,151.0
213.0,67.0,139.0
216.0,77.0,129.0
221.0,81.0,119.0
223.0,78.0,110.0
235.0,76.0,105.0
234.0,80.0,114.0
236.0,76.0,110.0
243.0,71.0,104.0
240.0,67.0,96.0
225.0,71.0,96.0
209.0,91.0,105.0
207.0,85.0,101.0
223.0,80.0,98.0
218.0,76.0,95.0
217.0,76.0,93.0
212.0,77.0,89.0
207.0,76.0,89.0
205.0,79.0,85.0
214.0,75.0,84.0
202.0,71.0,89.0
190.0,67.0,93.0
191.0,63.0,89.0
176.0,60.0,85.0
163.0,57.0,81.0
151.0,54.0,76.0
139.0,52.0,72.0
128.0,49.0,78.0
119.0,47.0,92.0
110.0,45.0,108.0
101.0,43.0,113.0
94.0,41.0,119.0
94.0,40.0,121.0
88.0,38.0,155.0
83.0,37.0,151.0
83.0,36.0,147.0
80.0,35.0,161.0
80.0,35.0,177.0
84.0,34.0,201.0
83.0,35.0,210.0
90.0,46.0,212.0
116.0,53.0,235.0
160.0,52.0,234.0
171.0,52.0,267.0
184.0,59.0,275.0
219.0,56.0,270.0
224.0,53.0,270.0
223.0,54.0,285.0
238.0,54.0,278.0
247.0,68.0,292.0
281.0,71.0,296.0
279.0,72.0,300.0
273.0,74.0,280.0
264.0,71.0,261.0
276.0,79.0,245.0
258.0,98.0,232.0
285.0,107.0,213.0
292.0,117.0,195.0
296.0,128.0,181.0
295.0,140.0,172.0
291.0,154.0,167.0
287.0,170.0,156.0
277.0,189.0,150.0
265.0,206.0,142.0
250.0,222.0,134.0
233.0,236.0,128.0
217.0,245.0,121.0
202.0,251.0,112.0
185.0,257.0,110.0
171.0,255.0,105.0
159.0,253.0,118.0
147.0,246.0,117.0
138.0,235.0,109.0
126.0,221.0,101.0
123.0,210.0,96.0
114.0,200.0,94.0
106.0,185.0,86.0
101.0,176.0,82.0
99.0,167.0,77.0
95.0,156.0,72.0
88.0,147.0,69.0
81.0,138.0,65.0
76.0,129.0,63.0
71.0,121.0,64.0
71.0,113.0,67.0
68.0,107.0,63.0
64.0,100.0,60.0
61.0,94.0,57.0
57.0,89.0,56.0
54.0,84.0,53.0
52.0,80.0,50.0
49.0,76.0,48.0
48.0,72.0,47.0
46.0,68.0,45.0
46.0,65.0,44.0
43.0,62.0,42.0
42.0,59.0,42.0
40.0,57.0,41.0
38.0,54.0,40.0
36.0,52.0,39.0
34.0,49.0,37.0
32.0,48.0,36.0
31.0,46.0,35.0
29.0,44.0,35.0
28.0,42.0,34.0
27.0,41.0,34.0
26.0,39.0,33.0
25.0,38.0,32.0
24.0,37.0,30.0
23.0,36.0,30.0
23.0,34.0,29.0
22.0,33.0,28.0
21.0,32.0,27.0
21.0,32.0,26.0
22.0,31.0,26.0
22.0,30.0,25.0
22.0,29.0,25.0
22.0,29.0,24.0
22.0,28.0,24.0
22.0,28.0,23.0
23.0,27.0,23.0
22.0,27.0,24.0
23.0,26.0,24.0
23.0,26.0,23.0
23.0,25.0,23.0
23.0,25.0,23.0
25.0,25.0,23.0
24.0,24.0,22.0
24.0,24.0,23.0
24.0,24.0,23.0
26.0,23.0,23.0
25.0,23.0,23.0
25.0,23.0,23.0
25.0,23.0,23.0
25.0,22.0,23.0
25.0,22.0,23.0
25.0,22.0,24.0
25.0,22.0,24.0
26.0,22.0,23.0
25.0,22.0,24.0
25.0,21.0,26.0
25.0,21.0,25.0
26.0,21.0,25.0
25.0,21.0,26.0
25.0,21.0,27.0
26.0,21.0,27.0
26.0,21.0,27.0
25.0,21.0,28.0
25.0,21.0,29.0
25.0,21.0,28.0
25.0,21.0,27.0
24.0,21.0,28.0
24.0,21.0,28.0
24.0,21.0,28.0
24.0,20.0,27.0
23.0,20.0,28.0
23.0,20.0,28.0
23.0,20.0,28.0
22.0,20.0,28.0
21.0,20.0,29.0
22.0,20.0,29.0
23.0,20.0,29.0
23.0,21.0,29.0
23.0,22.0,30.0
24.0,21.0,29.0
24.0,21.0,29.0
24.0,22.0,29.0
25.0,23.0,30.0
26.0,23.0,30.0
28.0,23.0,29.0
28.0,23.0,30.0
28.0,23.0,30.0
30.0,23.0,30.0
31.0,23.0,30.0
31.0,23.0,30.0
32.0,23.0,29.0
34.0,23.0,29.0
35.0,24.0,28.0
36.0,25.0,28.0
37.0,25.0,29.0
38.0,25.0,29.0
40.0,28.0,28.0
42.0,37.0,29.0
45.0,51.0,32.0
43.0,81.0,37.0
42.0,82.0,38.0
41.0,78.0,38.0
42.0,82.0,38.0
41.0,86.0,44.0
40.0,82.0,45.0
40.0,82.0,46.0
41.0,77.0,47.0
41.0,75.0,47.0
41.0,71.0,47.0
42.0,68.0,47.0
42.0,65.0,45.0
42.0,62.0,43.0
41.0,59.0,42.0
41.0,57.0,40.0
42.0,55.0,39.0
41.0,52.0,40.0
41.0,50.0,40.0
41.0,48.0,39.0
42.0,47.0,38.0
42.0,45.0,38.0
41.0,44.0,38.0
41.0,42.0,38.0
42.0,41.0,37.0
42.0,39.0,37.0
41.0,38.0,37.0
42.0,37.0,37.0
42.0,36.0,38.0
43.0,35.0,40.0
43.0,34.0,39.0
43.0,33.0,37.0
44.0,32.0,35.0
44.0,31.0,35.0
44.0,30.0,34.0
45.0,30.0,34.0
46.0,29.0,33.0
45.0,28.0,35.0
46.0,28.0,34.0
47.0,27.0,33.0
48.0,27.0,32.0
48.0,26.0,32.0
48.0,26.0,32.0
49.0,25.0,31.0
49.0,25.0,30.0
48.0,25.0,30.0
49.0,24.0,29.0
50.0,24.0,29.0
51.0,24.0,28.0
50.0,23.0,27.0
51.0,23.0,27.0
51.0,23.0,26.0
51.0,23.0,25.0
51.0,23.0,26.0
51.0,22.0,25.0
52.0,22.0,25.0
51.0,22.0,25.0
51.0,22.0,25.0
51.0,22.0,25.0
51.0,21.0,24.0
49.0,21.0,24.0
48.0,21.0,24.0
48.0,21.0,24.0
48.0,21.0,23.0
47.0,21.0,23.0
47.0,21.0,23.0
47.0,21.0,23.0
47.0,21.0,22.0
45.0,20.0,22.0
44.0,20.0,22.0
44.0,20.0,21.0
42.0,20.0,21.0
40.0,20.0,21.0
39.0,20.0,21.0
38.0,20.0,21.0
37.0,20.0,20.0
36.0,20.0,20.0
35.0,20.0,20.0
34.0,20.0,20.0
32.0,20.0,19.0
31.0,20.0,20.0
30.0,20.0,20.0
30.0,20.0,20.0
28.0,20.0,19.0
27.0,20.0,20.0
27.0,20.0,20.0
27.0,20.0,20.0
26.0,20.0,19.0
25.0,20.0,20.0
26.0,20.0,19.0
25.0,20.0,19.0
24.0,20.0,19.0
23.0,20.0,19.0
23.0,20.0,19.0
23.0,19.0,19.0
22.0,20.0,19.0
21.0,20.0,19.0
21.0,19.0,19.0
20.0,19.0,18.0
20.0,20.0,19.0
20.0,19.0,19.0
19.0,20.0,18.0
19.0,20.0,18.0
18.0,20.0,18.0
18.0,19.0,18.0
17.0,19.0,18.0
17.0,19.0,18.0
17.0,20.0,18.0
16.0,19.0,18.0
16.0,19.0,18.0
16.0,20.0,18.0
16.0,20.0,18.0
15.0,19.0,18.0
15.0,19.0,18.0
15.0,20.0,18.0
15.0,20.0,18.0
15.0,20.0,19.0
14.0,19.0,20.0
14.0,19.0,20.0
14.0,19.0,20.0
14.0,19.0,20.0
14.0,19.0,21.0
14.0,20.0,21.0
14.0,19.0,20.0
14.0,19.0,20.0
14.0,20.0,22.0
14.0,19.0,22.0
13.0,19.0,23.0
13.0,20.0,24.0
13.0,19.0,24.0
13.0,19.0,24.0
13.0,20.0,25.0
13.0,20.0,24.0
13.0,20.0,25.0
13.0,20.0,25.0
13.0,19.0,26.0
13.0,20.0,27.0
13.0,19.0,26.0
13.0,20.0,25.0
13.0,20.0,26.0
13.0,19.0,26.0
13.0,19.0,26.0
13.0,19.0,25.0
13.0,19.0,25.0
13.0,19.0,25.0
13.0,19.0,25.0
13.0,20.0,24.0
13.0,19.0,25.0
13.0,19.0,24.0
13.0,19.0,24.0
13.0,19.0,24.0
13.0,19.0,24.0
13.0,19.0,24.0
13.0,19.0,23.0
13.0,19.0,23.0
13.0,20.0,23.0
13.0,19.0,22.0
13.0,19.0,22.0
13.0,19.0,22.0
13.0,19.0,21.0
13.0,19.0,21.0
13.0,19.0,21.0
14.0,19.0,21.0
15.0,19.0,22.0
16.0,20.0,22.0
16.0,20.0,25.0
16.0,19.0,26.0
16.0,19.0,27.0
16.0,19.0,27.0
16.0,20.0,28.0
17.0,19.0,29.0
17.0,20.0,29.0
17.0,20.0,31.0
16.0,20.0,35.0
21.0,20.0,38.0
23.0,20.0,37.0
22.0,20.0,36.0
22.0,20.0,36.0
24.0,20.0,37.0
23.0,20.0,40.0
24.0,20.0,44.0
24.0,20.0,42.0
25.0,20.0,43.0
26.0,20.0,41.0
31.0,20.0,42.0
33.0,20.0,44.0
32.0,20.0,43.0
33.0,20.0,42.0
34.0,20.0,41.0
35.0,20.0,40.0
35.0,20.0,40.0
40.0,20.0,41.0
39.0,20.0,39.0
41.0,20.0,39.0
45.0,20.0,41.0
44.0,20.0,44.0
48.0,20.0,43.0
59.0,20.0,42.0
59.0,20.0,42.0
57.0,20.0,52.0
55.0,20.0,54.0
54.0,20.0,65.0
56.0,20.0,70.0
53.0,20.0,80.0
52.0,20.0,80.0
53.0,20.0,80.0
56.0,20.0,84.0
58.0,20.0,90.0
60.0,20.0,89.0
58.0,20.0,87.0
67.0,20.0,85.0
65.0,20.0,87.0
68.0,20.0,88.0
67.0,20.0,89.0
64.0,20.0,92.0
61.0,20.0,90.0
62.0,20.0,93.0
60.0,20.0,97.0
61.0,20.0,94.0
63.0,20.0,102.0
64.0,20.0,122.0
60.0,20.0,119.0
57.0,20.0,114.0
56.0,20.0,129.0
53.0,20.0,131.0
53.0,20.0,126.0
60.0,20.0,124.0
58.0,20.0,119.0
56.0,20.0,126.0
53.0,20.0,123.0
51.0,20.0,118.0
60.0,38.0,121.0
64.0,46.0,149.0
84.0,45.0,160.0
92.0,52.0,197.0
149.0,74.0,243.0
152.0,77.0,330.0
178.0,73.0,351.0
204.0,68.0,362.0
273.0,64.0,363.0
260.0,61.0,361.0
251.0,64.0,370.0
277.0,60.0,404.0
263.0,57.0,411.0
253.0,53.0,415.0
252.0,51.0,386.0
247.0,48.0,374.0
242.0,51.0,350.0
237.0,60.0,320.0
229.0,70.0,292.0
221.0,77.0,268.0
215.0,87.0,245.0
214.0,103.0,224.0
214.0,117.0,207.0
236.0,129.0,190.0
250.0,131.0,176.0
280.0,123.0,172.0
271.0,143.0,179.0
273.0,150.0,167.0
272.0,141.0,154.0
281.0,151.0,147.0
269.0,167.0,138.0
284.0,192.0,128.0
269.0,205.0,117.0
265.0,211.0,110.0
254.0,205.0,103.0
249.0,192.0,96.0
254.0,200.0,91.0
255.0,195.0,93.0
259.0,197.0,91.0
260.0,200.0,86.0
298.0,203.0,85.0
311.0,209.0,84.0
363.0,198.0,86.0
352.0,192.0,83.0
328.0,193.0,85.0
300.0,192.0,84.0
281.0,191.0,92.0
258.0,189.0,112.0
237.0,186.0,116.0
215.0,188.0,140.0
197.0,183.0,163.0
181.0,184.0,197.0
167.0,189.0,214.0
181.0,194.0,256.0
199.0,204.0,288.0
259.0,238.0,360.0
255.0,232.0,359.0
257.0,239.0,426.0
282.0,219.0,431.0
299.0,216.0,443.0
312.0,210.0,447.0
305.0,194.0,425.0
315.0,189.0,400.0
337.0,174.0,374.0
322.0,164.0,356.0
316.0,151.0,334.0
303.0,140.0,308.0
296.0,134.0,302.0
296.0,124.0,292.0
295.0,116.0,264.0
294.0,116.0,241.0
296.0,112.0,221.0
303.0,104.0,205.0
311.0,96.0,190.0
317.0,90.0,174.0
322.0,84.0,160.0
324.0,79.0,147.0
322.0,75.0,135.0
318.0,70.0,126.0
312.0,66.0,118.0
302.0,62.0,110.0
293.0,59.0,105.0
284.0,56.0,105.0
273.0,53.0,101.0
261.0,50.0,95.0
250.0,48.0,91.0
237.0,46.0,87.0
224.0,44.0,84.0
212.0,42.0,82.0
199.0,40.0,79.0
186.0,39.0,76.0
173.0,37.0,73.0
162.0,36.0,71.0
150.0,35.0,67.0
139.0,34.0,64.0
129.0,33.0,60.0
119.0,32.0,58.0
110.0,31.0,55.0
102.0,30.0,53.0
95.0,29.0,50.0
88.0,29.0,50.0
83.0,28.0,49.0
77.0,27.0,50.0
73.0,27.0,48.0
68.0,26.0,50.0
64.0,26.0,48.0
60.0,25.0,48.0
57.0,25.0,47.0
53.0,25.0,45.0
50.0,24.0,42.0
47.0,24.0,41.0
45.0,24.0,42.0
42.0,23.0,41.0
40.0,23.0,39.0
38.0,23.0,38.0
36.0,23.0,37.0
34.0,23.0,36.0
33.0,22.0,35.0
31.0,22.0,35.0
30.0,22.0,35.0
29.0,22.0,34.0
28.0,22.0,33.0
26.0,21.0,34.0
26.0,21.0,35.0
25.0,21.0,34.0
24.0,21.0,32.0
23.0,21.0,32.0
22.0,21.0,32.0
21.0,21.0,30.0
21.0,21.0,30.0
20.0,21.0,30.0
20.0,21.0,34.0
19.0,21.0,37.0
19.0,21.0,36.0
18.0,20.0,36.0
18.0,20.0,38.0
17.0,20.0,36.0
17.0,20.0,36.0
17.0,20.0,36.0
17.0,20.0,35.0
16.0,20.0,33.0
16.0,20.0,32.0
16.0,20.0,31.0
16.0,20.0,30.0
15.0,20.0,29.0
15.0,20.0,28.0
15.0,20.0,27.0
15.0,20.0,27.0
15.0,20.0,26.0
15.0,20.0,26.0
15.0,20.0,26.0
16.0,20.0,26.0
16.0,20.0,26.0
16.0,20.0,26.0
16.0,20.0,29.0
16.0,20.0,30.0
16.0,20.0,29.0
16.0,20.0,28.0
16.0,20.0,28.0
17.0,20.0,27.0
17.0,20.0,26.0
17.0,20.0,27.0
18.0,20.0,28.0
19.0,20.0,28.0
19.0,20.0,28.0
19.0,20.0,28.0
20.0,20.0,27.0
20.0,20.0,26.0
20.0,20.0,26.0
21.0,20.0,26.0
22.0,20.0,29.0
23.0,20.0,31.0
22.0,20.0,31.0
23.0,20.0,33.0
25.0,20.0,32.0
25.0,20.0,33.0
24.0,20.0,32.0
25.0,20.0,31.0
26.0,20.0,31.0
26.0,20.0,32.0
26.0,20.0,31.0
26.0,20.0,30.0
27.0,20.0,29.0
27.0,21.0,28.0
28.0,22.0,27.0
29.0,22.0,27.0
30.0,22.0,28.0
30.0,25.0,32.0
30.0,27.0,32.0
31.0,28.0,32.0
32.0,30.0,31.0
32.0,34.0,30.0
32.0,37.0,29.0
34.0,39.0,29.0
34.0,43.0,28.0
34.0,47.0,27.0
35.0,49.0,26.0
36.0,49.0,26.0
36.0,49.0,25.0
36.0,51.0,24.0
36.0,51.0,27.0
37.0,52.0,27.0
38.0,53.0,26.0
38.0,54.0,26.0
38.0,54.0,26.0
38.0,54.0,25.0
38.0,55.0,25.0
38.0,56.0,24.0
38.0,56.0,25.0
38.0,55.0,30.0
37.0,55.0,34.0
37.0,56.0,33.0
38.0,54.0,32.0
38.0,53.0,33.0
38.0,54.0,32.0
38.0,53.0,31.0
39.0,51.0,30.0
40.0,50.0,29.0
39.0,50.0,31.0
39.0,49.0,31.0
40.0,47.0,31.0
39.0,46.0,30.0
39.0,46.0,29.0
38.0,45.0,28.0
39.0,43.0,28.0
40.0,42.0,27.0
40.0,41.0,26.0
40.0,40.0,26.0
40.0,38.0,26.0
40.0,37.0,25.0
40.0,36.0,25.0
40.0,35.0,24.0
41.0,34.0,24.0
41.0,33.0,23.0
41.0,32.0,24.0
42.0,31.0,24.0
42.0,30.0,23.0
41.0,30.0,23.0
40.0,29.0,22.0
41.0,28.0,23.0
41.0,28.0,23.0
40.0,27.0,23.0
39.0,27.0,22.0
39.0,26.0,23.0
39.0,26.0,24.0
38.0,25.0,24.0
38.0,25.0,24.0
38.0,24.0,26.0
37.0,24.0,25.0
35.0,24.0,25.0
34.0,23.0,24.0
35.0,23.0,24.0
34.0,23.0,25.0
32.0,23.0,25.0
31.0,23.0,25.0
31.0,22.0,26.0
30.0,22.0,26.0
28.0,22.0,25.0
28.0,22.0,25.0
28.0,22.0,27.0
27.0,21.0,28.0
26.0,21.0,27.0
26.0,21.0,28.0
26.0,21.0,29.0
25.0,21.0,29.0
24.0,21.0,28.0
25.0,21.0,32.0
24.0,21.0,31.0
23.0,21.0,30.0
23.0,20.0,29.0
23.0,21.0,29.0
23.0,20.0,30.0
22.0,20.0,31.0
22.0,20.0,31.0
23.0,20.0,31.0
24.0,20.0,32.0
24.0,20.0,31.0
25.0,20.0,31.0
26.0,20.0,32.0
26.0,20.0,32.0
25.0,20.0,31.0
26.0,20.0,31.0
27.0,20.0,32.0
27.0,20.0,31.0
27.0,20.0,31.0
28.0,20.0,33.0
28.0,20.0,33.0
27.0,20.0,32.0
27.0,20.0,31.0
27.0,20.0,31.0
27.0,20.0,31.0
26.0,20.0,30.0
25.0,20.0,29.0
25.0,20.0,29.0
25.0,20.0,31.0
24.0,20.0,32.0
23.0,20.0,32.0
23.0,20.0,31.0
23.0,20.0,31.0
22.0,20.0,30.0
22.0,20.0,29.0
22.0,20.0,30.0
22.0,20.0,30.0
21.0,19.0,29.0
21.0,20.0,28.0
21.0,20.0,29.0
21.0,19.0,31.0
21.0,20.0,30.0
21.0,20.0,30.0
21.0,20.0,30.0
21.0,19.0,30.0
20.0,20.0,29.0
20.0,19.0,29.0
20.0,19.0,29.0
19.0,20.0,29.0
19.0,19.0,28.0
19.0,20.0,29.0
19.0,20.0,30.0
18.0,20.0,29.0
18.0,19.0,29.0
18.0,19.0,29.0
18.0,19.0,30.0
17.0,19.0,30.0
17.0,19.0,31.0
17.0,20.0,32.0
17.0,20.0,32.0
16.0,19.0,32.0
16.0,19.0,32.0
16.0,19.0,32.0
16.0,19.0,33.0
16.0,19.0,32.0
16.0,20.0,33.0
16.0,19.0,34.0
16.0,19.0,34.0
16.0,20.0,34.0
15.0,20.0,33.0
16.0,20.0,34.0
16.0,19.0,34.0
16.0,19.0,34.0
16.0,19.0,34.0
16.0,19.0,35.0
16.0,19.0,35.0
16.0,20.0,35.0
16.0,19.0,34.0
17.0,20.0,36.0
17.0,19.0,38.0
16.0,20.0,37.0
18.0,20.0,38.0
19.0,19.0,37.0
18.0,20.0,39.0
18.0,20.0,37.0
18.0,20.0,39.0
17.0,19.0,40.0
17.0,19.0,38.0
17.0,20.0,38.0
16.0,20.0,38.0
17.0,20.0,37.0
18.0,20.0,44.0
18.0,20.0,43.0
17.0,20.0,43.0
20.0,20.0,44.0
21.0,20.0,47.0
22.0,20.0,50.0
25.0,20.0,55.0
24.0,20.0,59.0
25.0,20.0,59.0
31.0,20.0,56.0
32.0,20.0,61.0
31.0,20.0,59.0
36.0,20.0,57.0
49.0,20.0,58.0
47.0,20.0,57.0
59.0,20.0,55.0
59.0,20.0,53.0
56.0,20.0,55.0
75.0,20.0,64.0
75.0,20.0,66.0
74.0,20.0,67.0
75.0,20.0,68.0
71.0,20.0,67.0
100.0,20.0,72.0
128.0,20.0,68.0
137.0,20.0,66.0
128.0,20.0,63.0
118.0,20.0,62.0
113.0,20.0,64.0
104.0,20.0,60.0
97.0,20.0,62.0
104.0,20.0,61.0
100.0,20.0,63.0
93.0,20.0,69.0
87.0,20.0,70.0
86.0,20.0,72.0
88.0,20.0,84.0
82.0,20.0,83.0
77.0,20.0,89.0
80.0,20.0,84.0
76.0,20.0,85.0
79.0,20.0,82.0
75.0,20.0,78.0
74.0,20.0,85.0
70.0,20.0,82.0
66.0,20.0,87.0
62.0,20.0,84.0
59.0,20.0,91.0
55.0,20.0,95.0
52.0,20.0,103.0
49.0,21.0,112.0
46.0,26.0,119.0
46.0,27.0,124.0
60.0,34.0,128.0
60.0,34.0,143.0
78.0,45.0,174.0
97.0,66.0,194.0
98.0,64.0,203.0
132.0,69.0,262.0
175.0,65.0,271.0
182.0,63.0,267.0
230.0,72.0,331.0
271.0,72.0,324.0
281.0,69.0,300.0
295.0,68.0,290.0
347.0,68.0,292.0
384.0,64.0,298.0
391.0,60.0,310.0
392.0,57.0,299.0
374.0,54.0,286.0
383.0,53.0,263.0
365.0,55.0,241.0
347.0,59.0,223.0
327.0,58.0,206.0
307.0,57.0,192.0
295.0,64.0,178.0
292.0,71.0,164.0
297.0,70.0,153.0
309.0,66.0,141.0
323.0,62.0,132.0
329.0,59.0,129.0
331.0,56.0,129.0
335.0,56.0,130.0
326.0,55.0,121.0
334.0,52.0,115.0
325.0,66.0,109.0
300.0,75.0,109.0
289.0,82.0,108.0
295.0,78.0,103.0
282.0,80.0,103.0
277.0,86.0,105.0
270.0,86.0,99.0
265.0,86.0,92.0
265.0,97.0,92.0
264.0,96.0,93.0
268.0,97.0,99.0
268.0,100.0,97.0
266.0,98.0,95.0
268.0,94.0,90.0
248.0,95.0,84.0
239.0,96.0,81.0
222.0,95.0,80.0
213.0,96.0,79.0
197.0,106.0,81.0
183.0,109.0,91.0
169.0,111.0,97.0
157.0,114.0,109.0
144.0,120.0,114.0
135.0,121.0,120.0
123.0,119.0,130.0
118.0,123.0,139.0
127.0,126.0,137.0
125.0,131.0,143.0
130.0,141.0,173.0
141.0,144.0,184.0
166.0,155.0,237.0
202.0,152.0,234.0
250.0,144.0,224.0
264.0,143.0,235.0
283.0,135.0,287.0
281.0,129.0,304.0
291.0,131.0,308.0
277.0,123.0,313.0
333.0,118.0,334.0
336.0,109.0,351.0
316.0,105.0,362.0
313.0,98.0,349.0
377.0,96.0,333.0
370.0,104.0,359.0
350.0,97.0,345.0
353.0,106.0,314.0
349.0,122.0,288.0
321.0,137.0,264.0
310.0,167.0,240.0
309.0,185.0,218.0
311.0,195.0,200.0
312.0,206.0,190.0
310.0,219.0,186.0
307.0,235.0,180.0
299.0,255.0,172.0
284.0,275.0,165.0
271.0,290.0,156.0
255.0,303.0,147.0
238.0,311.0,139.0
224.0,315.0,131.0
209.0,317.0,122.0
193.0,316.0,114.0
178.0,310.0,105.0
162.0,303.0,99.0
148.0,294.0,95.0
136.0,282.0,88.0
125.0,269.0,82.0
114.0,253.0,78.0
105.0,236.0,72.0
97.0,219.0,67.0
90.0,206.0,66.0
83.0,192.0,64.0
77.0,179.0,60.0
73.0,167.0,58.0
67.0,156.0,55.0
63.0,146.0,52.0
59.0,138.0,51.0
55.0,129.0,56.0
52.0,121.0,57.0
48.0,113.0,56.0
46.0,106.0,53.0
43.0,100.0,51.0
41.0,94.0,49.0
39.0,89.0,47.0
36.0,84.0,45.0
35.0,80.0,43.0
33.0,76.0,42.0
32.0,72.0,41.0
30.0,69.0,39.0
29.0,65.0,38.0
28.0,62.0,38.0
27.0,59.0,37.0
26.0,57.0,37.0
25.0,54.0,36.0
24.0,52.0,36.0
23.0,50.0,38.0
22.0,47.0,37.0
22.0,46.0,38.0
21.0,44.0,38.0
20.0,42.0,37.0
20.0,41.0,35.0
19.0,39.0,34.0
19.0,38.0,35.0
18.0,37.0,33.0
18.0,35.0,32.0
17.0,34.0,32.0
17.0,33.0,32.0
17.0,32.0,32.0
17.0,32.0,30.0
16.0,31.0,30.0
16.0,30.0,31.0
16.0,29.0,30.0
16.0,29.0,29.0
15.0,28.0,29.0
15.0,28.0,31.0
15.0,27.0,32.0
15.0,27.0,31.0
15.0,26.0,30.0
15.0,26.0,31.0
15.0,25.0,30.0
15.0,25.0,29.0
15.0,25.0,28.0
15.0,24.0,29.0
14.0,24.0,29.0
14.0,24.0,28.0
14.0,23.0,27.0
14.0,23.0,26.0
14.0,23.0,26.0
14.0,23.0,25.0
14.0,23.0,25.0
15.0,22.0,24.0
14.0,22.0,24.0
14.0,22.0,23.0
14.0,22.0,23.0
15.0,22.0,22.0
15.0,21.0,24.0
14.0,21.0,23.0
15.0,21.0,23.0
15.0,21.0,23.0
15.0,21.0,23.0
15.0,21.0,22.0
15.0,21.0,22.0
16.0,21.0,22.0
16.0,21.0,22.0
16.0,21.0,22.0
17.0,21.0,24.0
18.0,20.0,25.0
18.0,21.0,25.0
17.0,20.0,24.0
19.0,20.0,24.0
20.0,20.0,26.0
20.0,20.0,28.0
20.0,20.0,27.0
21.0,20.0,27.0
22.0,20.0,27.0
22.0,20.0,27.0
22.0,20.0,26.0
23.0,20.0,26.0
23.0,20.0,27.0
22.0,20.0,27.0
22.0,20.0,26.0
22.0,20.0,27.0
22.0,20.0,28.0
21.0,20.0,28.0
21.0,20.0,29.0
21.0,20.0,30.0
22.0,20.0,30.0
22.0,20.0,30.0
21.0,20.0,30.0
21.0,20.0,30.0
21.0,20.0,32.0
20.0,20.0,32.0
21.0,20.0,36.0
21.0,20.0,36.0
20.0,20.0,35.0
20.0,20.0,34.0
20.0,20.0,35.0
21.0,20.0,37.0
20.0,20.0,36.0
20.0,20.0,35.0
21.0,20.0,36.0
21.0,20.0,38.0
20.0,20.0,38.0
20.0,20.0,38.0
21.0,20.0,39.0
21.0,20.0,40.0
20.0,20.0,38.0
20.0,20.0,38.0
20.0,20.0,38.0
20.0,20.0,40.0
19.0,20.0,40.0
19.0,20.0,40.0
19.0,20.0,40.0
19.0,20.0,41.0
18.0,20.0,40.0
18.0,20.0,40.0
19.0,20.0,42.0
18.0,19.0,40.0
18.0,20.0,43.0
17.0,19.0,41.0
18.0,20.0,40.0
17.0,19.0,39.0
17.0,20.0,38.0
17.0,20.0,37.0
18.0,20.0,38.0
17.0,20.0,38.0
17.0,20.0,36.0
17.0,20.0,35.0
16.0,20.0,36.0
16.0,19.0,35.0
16.0,19.0,34.0
16.0,20.0,34.0
15.0,20.0,34.0
15.0,20.0,33.0
15.0,20.0,32.0
15.0,20.0,32.0
15.0,19.0,32.0
15.0,20.0,31.0
14.0,19.0,31.0
14.0,20.0,31.0
14.0,20.0,32.0
14.0,19.0,33.0
14.0,20.0,32.0
14.0,20.0,33.0
14.0,19.0,33.0
13.0,20.0,32.0
14.0,19.0,33.0
13.0,19.0,33.0
13.0,19.0,34.0
13.0,19.0,33.0
13.0,20.0,33.0
13.0,20.0,34.0
13.0,19.0,33.0
13.0,20.0,32.0
13.0,19.0,33.0
13.0,20.0,33.0
13.0,19.0,34.0
13.0,19.0,33.0
13.0,20.0,33.0
13.0,19.0,34.0
13.0,20.0,32.0
13.0,20.0,32.0
13.0,20.0,32.0
13.0,20.0,31.0
13.0,19.0,30.0
13.0,19.0,30.0
13.0,20.0,29.0
13.0,19.0,31.0
13.0,20.0,30.0
13.0,20.0,30.0
13.0,19.0,30.0
13.0,19.0,30.0
13.0,19.0,29.0
13.0,19.0,29.0
13.0,20.0,30.0
12.0,19.0,30.0
13.0,19.0,29.0
13.0,20.0,30.0
13.0,19.0,31.0
12.0,19.0,30.0
13.0,20.0,30.0
13.0,19.0,31.0
13.0,19.0,31.0
13.0,19.0,31.0
13.0,20.0,31.0
13.0,20.0,32.0
12.0,19.0,32.0
13.0,20.0,33.0
13.0,20.0,33.0
12.0,20.0,33.0
12.0,20.0,33.0
13.0,19.0,33.0
13.0,20.0,32.0
13.0,20.0,33.0
12.0,19.0,34.0
13.0,19.0,33.0
12.0,19.0,33.0
12.0,19.0,34.0
12.0,19.0,34.0
12.0,20.0,34.0
12.0,20.0,35.0
12.0,19.0,35.0
12.0,19.0,35.0
12.0,19.0,34.0
12.0,19.0,34.0
12.0,19.0,35.0
12.0,19.0,35.0
12.0,19.0,34.0
12.0,19.0,35.0
12.0,19.0,36.0
12.0,19.0,35.0
12.0,19.0,35.0
12.0,19.0,36.0
12.0,19.0,36.0
12.0,19.0,36.0
12.0,19.0,36.0
12.0,19.0,37.0
12.0,19.0,36.0
12.0,19.0,36.0
12.0,19.0,36.0
12.0,19.0,36.0
12.0,19.0,36.0
12.0,19.0,36.0
12.0,20.0,37.0
12.0,19.0,37.0
12.0,19.0,35.0
12.0,19.0,34.0
12.0,19.0,36.0
12.0,19.0,37.0
12.0,19.0,39.0
12.0,19.0,38.0
12.0,19.0,36.0
12.0,19.0,35.0
12.0,20.0,35.0
12.0,20.0,35.0
12.0,20.0,36.0
12.0,20.0,35.0
12.0,19.0,34.0
12.0,19.0,33.0
12.0,19.0,31.0
12.0,19.0,31.0
13.0,19.0,32.0
13.0,19.0,33.0
13.0,20.0,33.0
13.0,20.0,32.0
13.0,19.0,32.0
13.0,19.0,31.0
13.0,19.0,31.0
13.0,19.0,31.0
13.0,20.0,31.0
13.0,20.0,33.0
13.0,20.0,35.0
13.0,21.0,35.0
12.0,20.0,34.0
13.0,20.0,34.0
13.0,20.0,38.0
12.0,20.0,41.0
13.0,20.0,40.0
13.0,20.0,38.0
13.0,20.0,36.0
17.0,20.0,35.0
17.0,20.0,35.0
16.0,20.0,35.0
16.0,20.0,35.0
16.0,20.0,33.0
16.0,20.0,32.0
16.0,20.0,37.0
15.0,20.0,41.0
15.0,20.0,43.0
15.0,20.0,43.0
15.0,20.0,41.0
14.0,20.0,40.0
14.0,20.0,46.0
14.0,20.0,47.0
19.0,20.0,47.0
20.0,20.0,48.0
20.0,20.0,47.0
19.0,20.0,56.0
18.0,20.0,62.0
18.0,20.0,62.0
17.0,20.0,61.0
17.0,20.0,60.0
17.0,20.0,58.0
17.0,20.0,62.0
19.0,20.0,74.0
23.0,20.0,78.0
23.0,19.0,76.0
28.0,20.0,77.0
27.0,20.0,74.0
26.0,20.0,71.0
25.0,20.0,72.0
24.0,20.0,75.0
23.0,20.0,81.0
25.0,20.0,85.0
26.0,20.0,82.0
34.0,19.0,79.0
32.0,20.0,80.0
33.0,20.0,88.0
31.0,19.0,90.0
31.0,20.0,89.0
30.0,20.0,86.0
28.0,19.0,94.0
30.0,19.0,91.0
33.0,20.0,89.0
33.0,19.0,84.0
33.0,19.0,87.0
33.0,20.0,82.0
31.0,20.0,78.0
36.0,19.0,77.0
36.0,20.0,75.0
34.0,19.0,77.0
39.0,20.0,76.0
40.0,20.0,72.0
39.0,20.0,73.0
42.0,20.0,77.0
44.0,20.0,75.0
52.0,20.0,76.0
56.0,20.0,72.0
56.0,20.0,70.0
54.0,20.0,67.0
52.0,20.0,70.0
54.0,20.0,67.0
55.0,20.0,74.0
57.0,20.0,73.0
58.0,20.0,69.0
58.0,20.0,71.0
63.0,20.0,73.0
66.0,20.0,73.0
66.0,20.0,75.0
67.0,20.0,76.0
68.0,20.0,80.0
68.0,20.0,94.0
71.0,20.0,93.0
76.0,21.0,95.0
97.0,21.0,104.0
92.0,20.0,113.0
91.0,21.0,123.0
94.0,35.0,119.0
134.0,56.0,120.0
134.0,64.0,139.0
130.0,67.0,141.0
199.0,85.0,176.0
237.0,89.0,197.0
360.0,119.0,227.0
380.0,112.0,319.0
378.0,106.0,361.0
433.0,107.0,398.0
415.0,101.0,395.0
395.0,94.0,388.0
372.0,92.0,378.0
340.0,93.0,360.0
326.0,109.0,329.0
308.0,126.0,299.0
293.0,142.0,271.0
280.0,166.0,247.0
271.0,190.0,224.0
270.0,215.0,204.0
273.0,237.0,188.0
277.0,254.0,181.0
271.0,265.0,169.0
269.0,287.0,173.0
273.0,311.0,181.0
272.0,303.0,171.0
266.0,313.0,161.0
249.0,347.0,167.0
241.0,362.0,165.0
244.0,364.0,156.0
229.0,364.0,146.0
216.0,369.0,153.0
212.0,363.0,149.0
209.0,345.0,146.0
230.0,332.0,140.0
223.0,312.0,138.0
222.0,298.0,130.0
237.0,276.0,130.0
245.0,254.0,125.0
229.0,233.0,115.0
209.0,214.0,108.0
191.0,197.0,109.0
174.0,182.0,110.0
167.0,167.0,137.0
154.0,155.0,139.0
144.0,143.0,134.0
138.0,132.0,157.0
126.0,122.0,169.0
117.0,113.0,160.0
113.0,105.0,169.0
109.0,97.0,173.0
101.0,91.0,173.0
106.0,88.0,170.0
140.0,86.0,192.0
145.0,81.0,219.0
200.0,77.0,227.0
223.0,72.0,238.0
225.0,68.0,237.0
237.0,64.0,241.0
223.0,64.0,242.0
211.0,63.0,251.0
225.0,60.0,242.0
214.0,59.0,232.0
262.0,66.0,235.0
258.0,62.0,234.0
249.0,63.0,227.0
245.0,60.0,215.0
235.0,62.0,202.0
240.0,60.0,189.0
231.0,65.0,173.0
224.0,74.0,159.0
219.0,83.0,146.0
216.0,85.0,135.0
217.0,83.0,127.0
219.0,82.0,120.0
218.0,82.0,117.0
216.0,81.0,115.0
213.0,81.0,109.0
207.0,82.0,105.0
200.0,82.0,99.0
193.0,78.0,93.0
186.0,74.0,90.0
177.0,70.0,84.0
171.0,67.0,82.0
164.0,63.0,78.0
156.0,60.0,74.0
147.0,57.0,71.0
138.0,54.0,66.0
130.0,52.0,62.0
120.0,49.0,60.0
110.0,47.0,56.0
102.0,45.0,52.0
95.0,43.0,51.0
89.0,41.0,49.0
83.0,40.0,47.0
77.0,39.0,45.0
72.0,37.0,43.0
68.0,36.0,42.0
64.0,35.0,43.0
60.0,34.0,43.0
56.0,33.0,43.0
53.0,32.0,41.0
50.0,31.0,40.0
47.0,31.0,39.0
45.0,30.0,38.0
42.0,29.0,36.0
40.0,28.0,35.0
38.0,28.0,34.0
36.0,27.0,33.0
34.0,27.0,32.0
32.0,26.0,32.0
31.0,26.0,31.0
29.0,25.0,30.0
28.0,25.0,30.0
27.0,25.0,30.0
26.0,24.0,30.0
25.0,24.0,29.0
24.0,24.0,29.0
23.0,23.0,29.0
22.0,23.0,29.0
21.0,23.0,28.0
21.0,23.0,28.0
20.0,22.0,28.0
19.0,22.0,28.0
19.0,22.0,27.0
18.0,22.0,27.0
18.0,22.0,28.0
18.0,22.0,28.0
17.0,21.0,28.0
17.0,21.0,29.0
16.0,21.0,29.0
16.0,21.0,28.0
16.0,21.0,28.0
16.0,21.0,29.0
16.0,21.0,29.0
15.0,21.0,29.0
15.0,21.0,29.0
15.0,21.0,29.0
15.0,20.0,29.0
15.0,21.0,29.0
14.0,20.0,30.0
14.0,20.0,30.0
14.0,20.0,31.0
14.0,20.0,30.0
14.0,20.0,32.0
14.0,20.0,33.0
14.0,20.0,33.0
14.0,20.0,33.0
14.0,20.0,33.0
14.0,20.0,35.0
14.0,20.0,35.0
14.0,20.0,34.0
13.0,20.0,35.0
13.0,20.0,35.0
14.0,20.0,35.0
14.0,20.0,33.0
14.0,20.0,34.0
13.0,20.0,33.0
14.0,20.0,32.0
14.0,20.0,33.0
14.0,20.0,33.0
14.0,20.0,32.0
14.0,20.0,32.0
14.0,20.0,32.0
14.0,20.0,32.0
14.0,20.0,32.0
15.0,20.0,31.0
15.0,20.0,32.0
15.0,20.0,33.0
17.0,20.0,33.0
18.0,20.0,32.0
18.0,20.0,33.0
19.0,20.0,33.0
20.0,20.0,33.0
21.0,20.0,33.0
21.0,20.0,33.0
22.0,20.0,34.0
23.0,20.0,33.0
23.0,19.0,33.0
23.0,20.0,33.0
24.0,20.0,33.0
25.0,20.0,33.0
25.0,20.0,32.0
25.0,20.0,33.0
25.0,20.0,33.0
27.0,20.0,32.0
26.0,20.0,31.0
26.0,20.0,32.0
26.0,20.0,31.0
27.0,20.0,30.0
26.0,20.0,30.0
26.0,20.0,30.0
26.0,20.0,30.0
26.0,20.0,29.0
25.0,19.0,29.0
24.0,20.0,29.0
24.0,20.0,28.0
24.0,20.0,27.0
24.0,20.0,27.0
23.0,20.0,27.0
23.0,19.0,27.0
23.0,19.0,26.0
23.0,19.0,26.0
23.0,20.0,26.0
24.0,20.0,26.0
24.0,20.0,25.0
24.0,20.0,25.0
24.0,20.0,24.0
25.0,20.0,24.0
25.0,19.0,23.0
25.0,19.0,24.0
25.0,20.0,24.0
26.0,20.0,24.0
26.0,20.0,23.0
25.0,20.0,23.0
25.0,20.0,23.0
26.0,20.0,23.0
25.0,20.0,23.0
25.0,20.0,24.0
26.0,20.0,24.0
26.0,19.0,23.0
25.0,20.0,22.0
24.0,20.0,23.0
25.0,20.0,23.0
24.0,20.0,22.0
24.0,20.0,22.0
23.0,21.0,23.0
24.0,21.0,22.0
24.0,21.0,22.0
23.0,23.0,21.0
23.0,23.0,22.0
23.0,24.0,21.0
22.0,26.0,21.0
22.0,29.0,21.0
21.0,30.0,21.0
21.0,31.0,21.0
20.0,33.0,22.0
20.0,36.0,24.0
20.0,38.0,23.0
20.0,40.0,23.0
20.0,43.0,22.0
19.0,45.0,23.0
19.0,47.0,23.0
19.0,48.0,22.0
18.0,52.0,22.0
18.0,55.0,22.0
18.0,56.0,22.0
18.0,57.0,22.0
17.0,60.0,22.0
17.0,62.0,23.0
17.0,62.0,23.0
17.0,63.0,23.0
16.0,65.0,23.0
16.0,66.0,23.0
16.0,67.0,23.0
16.0,67.0,22.0
16.0,68.0,23.0
16.0,68.0,24.0
17.0,67.0,23.0
16.0,67.0,23.0
16.0,67.0,24.0
18.0,65.0,24.0
18.0,64.0,24.0
18.0,63.0,24.0
18.0,64.0,24.0
18.0,62.0,24.0
18.0,61.0,24.0
18.0,61.0,23.0
18.0,61.0,22.0
19.0,58.0,22.0
20.0,57.0,22.0
20.0,56.0,21.0
20.0,55.0,21.0
20.0,52.0,21.0
21.0,51.0,21.0
21.0,50.0,20.0
21.0,49.0,20.0
21.0,47.0,20.0
21.0,45.0,20.0
20.0,44.0,21.0
20.0,43.0,21.0
19.0,41.0,20.0
19.0,40.0,20.0
18.0,39.0,20.0
18.0,37.0,19.0
17.0,36.0,20.0
17.0,35.0,20.0
17.0,35.0,19.0
16.0,34.0,19.0
16.0,33.0,19.0
16.0,32.0,19.0
16.0,31.0,19.0
16.0,30.0,19.0
15.0,30.0,19.0
15.0,29.0,19.0
15.0,28.0,19.0
15.0,28.0,20.0
15.0,27.0,20.0
14.0,26.0,22.0
14.0,26.0,22.0
14.0,26.0,22.0
14.0,25.0,23.0
14.0,25.0,23.0
14.0,25.0,23.0
14.0,24.0,23.0
14.0,24.0,24.0
14.0,24.0,26.0
14.0,23.0,25.0
15.0,23.0,26.0
16.0,23.0,26.0
16.0,23.0,27.0
16.0,22.0,29.0
18.0,22.0,30.0
17.0,22.0,29.0
17.0,22.0,29.0
17.0,22.0,29.0
17.0,22.0,30.0
16.0,21.0,29.0
16.0,21.0,29.0
17.0,21.0,29.0
17.0,21.0,29.0
18.0,21.0,30.0
17.0,21.0,33.0
17.0,21.0,32.0
18.0,21.0,33.0
24.0,21.0,36.0
24.0,21.0,36.0
23.0,21.0,34.0
23.0,20.0,37.0
22.0,20.0,36.0
22.0,20.0,36.0
23.0,20.0,37.0
29.0,20.0,41.0
27.0,20.0,40.0
26.0,20.0,42.0
26.0,20.0,43.0
25.0,20.0,42.0
24.0,20.0,41.0
24.0,20.0,41.0
25.0,20.0,44.0
27.0,20.0,48.0
26.0,20.0,50.0
26.0,20.0,47.0
27.0,20.0,45.0
27.0,20.0,46.0
27.0,20.0,44.0
28.0,20.0,43.0
30.0,20.0,41.0
41.0,20.0,43.0
40.0,20.0,47.0
40.0,20.0,47.0
41.0,20.0,47.0
41.0,20.0,47.0
45.0,20.0,48.0
45.0,20.0,46.0
43.0,20.0,53.0
41.0,20.0,53.0
42.0,20.0,53.0
43.0,20.0,56.0
46.0,20.0,54.0
47.0,20.0,52.0
49.0,19.0,54.0
48.0,20.0,56.0
46.0,19.0,57.0
45.0,20.0,54.0
44.0,20.0,59.0
43.0,20.0,56.0
42.0,20.0,58.0
44.0,20.0,60.0
43.0,20.0,60.0
41.0,20.0,57.0
57.0,20.0,58.0
63.0,20.0,58.0
61.0,20.0,57.0
58.0,20.0,72.0
54.0,20.0,74.0
54.0,20.0,83.0
54.0,20.0,83.0
67.0,19.0,91.0
71.0,20.0,90.0
83.0,20.0,90.0
85.0,20.0,89.0
81.0,20.0,90.0
77.0,20.0,87.0
98.0,20.0,83.0
101.0,20.0,81.0
113.0,20.0,83.0
113.0,20.0,85.0
108.0,20.0,92.0
134.0,20.0,90.0
143.0,20.0,89.0
141.0,20.0,86.0
139.0,20.0,87.0
137.0,20.0,89.0
144.0,20.0,88.0
159.0,20.0,83.0
171.0,20.0,84.0
178.0,20.0,81.0
167.0,20.0,81.0
161.0,20.0,83.0
165.0,20.0,84.0
153.0,20.0,82.0
148.0,20.0,83.0
139.0,20.0,82.0
129.0,20.0,81.0
124.0,20.0,82.0
119.0,20.0,89.0
110.0,20.0,86.0
105.0,20.0,82.0
99.0,21.0,89.0
95.0,24.0,96.0
115.0,26.0,106.0
127.0,26.0,115.0
124.0,26.0,126.0
143.0,32.0,127.0
153.0,36.0,139.0
162.0,37.0,148.0
166.0,36.0,159.0
176.0,35.0,170.0
199.0,45.0,166.0
185.0,60.0,165.0
292.0,73.0,183.0
289.0,70.0,198.0
273.0,67.0,203.0
294.0,64.0,192.0
280.0,64.0,183.0
293.0,61.0,186.0
283.0,58.0,187.0
272.0,59.0,184.0
261.0,55.0,175.0
255.0,53.0,163.0
242.0,50.0,155.0
246.0,51.0,145.0
238.0,52.0,134.0
229.0,53.0,128.0
214.0,52.0,123.0
226.0,50.0,115.0
235.0,48.0,113.0
237.0,46.0,114.0
223.0,49.0,115.0
241.0,53.0,119.0
238.0,51.0,116.0
234.0,52.0,115.0
223.0,56.0,111.0
210.0,57.0,105.0
194.0,61.0,104.0
190.0,63.0,101.0
201.0,61.0,101.0
198.0,58.0,106.0
190.0,62.0,101.0
176.0,68.0,98.0
176.0,65.0,97.0
201.0,70.0,99.0
207.0,68.0,102.0
197.0,75.0,99.0
196.0,75.0,98.0
208.0,77.0,99.0
222.0,74.0,95.0
205.0,74.0,91.0
193.0,81.0,86.0
186.0,82.0,83.0
196.0,85.0,80.0
187.0,90.0,86.0
175.0,92.0,106.0
170.0,90.0,112.0
165.0,95.0,117.0
153.0,95.0,125.0
143.0,93.0,132.0
134.0,93.0,142.0
147.0,95.0,140.0
165.0,100.0,150.0
160.0,109.0,172.0
154.0,116.0,212.0
182.0,121.0,225.0
191.0,126.0,247.0
182.0,135.0,253.0
182.0,125.0,266.0
181.0,116.0,305.0
234.0,114.0,323.0
265.0,130.0,354.0
262.0,120.0,336.0
272.0,111.0,340.0
305.0,103.0,324.0
291.0,95.0,303.0
280.0,89.0,289.0
284.0,83.0,278.0
298.0,79.0,259.0
286.0,74.0,243.0
265.0,70.0,244.0
280.0,70.0,224.0
283.0,66.0,209.0
275.0,64.0,195.0
268.0,62.0,184.0
254.0,66.0,169.0
252.0,63.0,156.0
251.0,60.0,144.0
248.0,57.0,133.0
244.0,54.0,126.0
238.0,51.0,117.0
230.0,49.0,111.0
220.0,47.0,104.0
211.0,45.0,97.0
201.0,44.0,90.0
190.0,42.0,84.0
180.0,41.0,79.0
171.0,39.0,74.0
160.0,38.0,71.0
150.0,36.0,67.0
141.0,35.0,64.0
131.0,34.0,63.0
121.0,33.0,59.0
112.0,32.0,56.0
104.0,31.0,53.0
96.0,30.0,50.0
90.0,30.0,48.0
84.0,29.0,46.0
79.0,28.0,45.0
74.0,28.0,45.0
69.0,27.0,47.0
65.0,27.0,47.0
61.0,26.0,45.0
57.0,26.0,44.0
54.0,26.0,41.0
51.0,25.0,40.0
48.0,25.0,39.0
46.0,25.0,38.0
43.0,24.0,38.0
41.0,24.0,37.0
39.0,24.0,36.0
38.0,24.0,35.0
37.0,23.0,33.0
35.0,23.0,34.0
34.0,23.0,34.0
34.0,23.0,34.0
34.0,22.0,38.0
33.0,22.0,42.0
33.0,22.0,42.0
32.0,22.0,41.0
31.0,22.0,39.0
30.0,21.0,38.0
30.0,21.0,36.0
30.0,21.0,35.0
29.0,21.0,33.0
28.0,21.0,32.0
28.0,21.0,31.0
28.0,21.0,30.0
27.0,21.0,30.0
26.0,21.0,29.0
26.0,21.0,29.0
26.0,20.0,28.0
25.0,21.0,28.0
25.0,20.0,27.0
25.0,20.0,28.0
25.0,20.0,27.0
25.0,20.0,27.0
25.0,20.0,26.0
26.0,20.0,26.0
25.0,20.0,28.0
25.0,20.0,28.0
24.0,20.0,27.0
25.0,20.0,26.0
24.0,20.0,26.0
23.0,20.0,25.0
24.0,20.0,25.0
24.0,20.0,25.0
23.0,20.0,24.0
23.0,20.0,27.0
24.0,20.0,28.0
24.0,20.0,27.0
24.0,20.0,26.0
24.0,20.0,26.0
25.0,20.0,25.0
25.0,20.0,25.0
25.0,20.0,24.0
25.0,20.0,24.0
25.0,20.0,23.0
25.0,20.0,23.0
24.0,20.0,22.0
24.0,20.0,24.0
24.0,20.0,25.0
23.0,19.0,24.0
23.0,20.0,24.0
23.0,20.0,24.0
23.0,20.0,24.0
22.0,19.0,24.0
22.0,20.0,23.0
22.0,20.0,23.0
23.0,19.0,26.0
22.0,19.0,26.0
21.0,20.0,26.0
21.0,20.0,25.0
22.0,19.0,25.0
21.0,20.0,25.0
21.0,19.0,24.0
21.0,19.0,24.0
21.0,19.0,24.0
20.0,20.0,24.0
19.0,20.0,23.0
19.0,20.0,23.0
18.0,19.0,23.0
18.0,19.0,23.0
18.0,19.0,22.0
18.0,20.0,23.0
17.0,20.0,23.0
17.0,20.0,24.0
17.0,20.0,24.0
16.0,19.0,24.0
16.0,19.0,24.0
16.0,19.0,26.0
16.0,20.0,26.0
16.0,19.0,26.0
15.0,20.0,25.0
15.0,20.0,25.0
15.0,20.0,25.0
15.0,20.0,27.0
15.0,22.0,28.0
15.0,24.0,27.0
15.0,25.0,28.0
14.0,27.0,28.0
14.0,31.0,27.0
14.0,33.0,28.0
14.0,35.0,30.0
14.0,37.0,29.0
14.0,41.0,28.0
14.0,43.0,27.0
14.0,45.0,29.0
14.0,46.0,28.0
14.0,49.0,28.0
13.0,51.0,27.0
14.0,51.0,26.0
14.0,53.0,28.0
14.0,55.0,27.0
14.0,56.0,27.0
14.0,56.0,26.0
14.0,56.0,25.0
14.0,57.0,25.0
13.0,57.0,24.0
14.0,56.0,24.0
13.0,57.0,24.0
13.0,56.0,23.0
13.0,54.0,23.0
13.0,52.0,23.0
13.0,52.0,23.0
13.0,51.0,22.0
13.0,49.0,23.0
13.0,47.0,23.0
13.0,45.0,23.0
13.0,44.0,22.0
14.0,42.0,23.0
13.0,41.0,24.0
13.0,39.0,23.0
14.0,38.0,23.0
13.0,37.0,24.0
13.0,35.0,23.0
13.0,34.0,23.0
13.0,33.0,23.0
13.0,32.0,23.0
13.0,32.0,24.0
13.0,31.0,26.0
13.0,30.0,25.0
13.0,29.0,27.0
13.0,29.0,26.0
13.0,28.0,25.0
13.0,27.0,25.0
13.0,27.0,25.0
13.0,26.0,25.0
13.0,26.0,24.0
13.0,26.0,24.0
13.0,25.0,24.0
13.0,25.0,24.0
13.0,24.0,24.0
13.0,24.0,24.0
13.0,24.0,25.0
13.0,23.0,24.0
13.0,23.0,25.0
13.0,23.0,27.0
13.0,23.0,28.0
13.0,22.0,27.0
13.0,22.0,27.0
13.0,22.0,26.0
13.0,22.0,26.0
13.0,22.0,25.0
13.0,22.0,25.0
13.0,21.0,25.0
13.0,21.0,25.0
12.0,21.0,24.0
13.0,21.0,24.0
13.0,21.0,24.0
12.0,21.0,24.0
13.0,21.0,24.0
13.0,21.0,24.0
13.0,21.0,25.0
12.0,20.0,25.0
13.0,20.0,24.0
12.0,21.0,24.0
12.0,20.0,26.0
13.0,20.0,25.0
13.0,20.0,25.0
13.0,20.0,25.0
12.0,20.0,24.0
12.0,20.0,24.0
13.0,20.0,23.0
13.0,20.0,25.0
13.0,20.0,25.0
12.0,20.0,25.0
13.0,20.0,26.0
12.0,20.0,25.0
12.0,20.0,25.0
12.0,20.0,25.0
13.0,20.0,24.0
12.0,20.0,24.0
12.0,20.0,24.0
13.0,20.0,23.0
12.0,20.0,23.0
12.0,20.0,24.0
12.0,20.0,23.0
12.0,20.0,23.0
12.0,20.0,22.0
12.0,20.0,22.0
12.0,20.0,23.0
12.0,20.0,22.0
12.0,20.0,22.0
12.0,20.0,23.0
12.0,20.0,23.0
12.0,20.0,24.0
12.0,20.0,24.0
12.0,20.0,24.0
12.0,19.0,24.0
12.0,20.0,23.0
12.0,19.0,24.0
12.0,19.0,25.0
12.0,20.0,24.0
12.0,20.0,24.0
12.0,20.0,25.0
12.0,20.0,26.0
12.0,19.0,26.0
13.0,20.0,27.0
12.0,19.0,28.0
12.0,20.0,27.0
12.0,20.0,28.0
12.0,20.0,28.0
12.0,20.0,28.0
12.0,19.0,29.0
12.0,19.0,29.0
12.0,19.0,30.0
12.0,19.0,31.0
12.0,19.0,31.0
12.0,20.0,30.0
12.0,19.0,30.0
12.0,19.0,31.0
12.0,19.0,31.0
12.0,19.0,30.0
12.0,20.0,31.0
12.0,19.0,33.0
12.0,20.0,32.0
12.0,19.0,32.0
12.0,20.0,33.0
12.0,19.0,32.0
12.0,19.0,31.0
12.0,19.0,32.0
12.0,19.0,32.0
12.0,19.0,32.0
12.0,19.0,32.0
12.0,20.0,32.0
12.0,19.0,34.0
12.0,20.0,36.0
12.0,19.0,35.0
12.0,20.0,34.0
12.0,19.0,34.0
12.0,19.0,34.0
12.0,19.0,33.0
12.0,20.0,36.0
12.0,19.0,35.0
12.0,19.0,34.0
13.0,20.0,35.0
12.0,20.0,38.0
12.0,19.0,41.0
12.0,20.0,39.0
13.0,20.0,39.0
12.0,19.0,41.0
12.0,19.0,41.0
12.0,20.0,39.0
12.0,20.0,41.0
14.0,20.0,41.0
15.0,20.0,40.0
15.0,20.0,44.0
15.0,20.0,44.0
14.0,20.0,43.0
15.0,20.0,43.0
14.0,20.0,42.0
14.0,20.0,41.0
14.0,20.0,41.0
14.0,20.0,45.0
14.0,20.0,43.0
16.0,20.0,42.0
16.0,20.0,41.0
16.0,20.0,41.0
15.0,20.0,40.0
17.0,20.0,40.0
18.0,20.0,39.0
18.0,20.0,41.0
17.0,20.0,39.0
17.0,20.0,39.0
17.0,20.0,43.0
16.0,20.0,44.0
16.0,20.0,42.0
16.0,20.0,42.0
22.0,20.0,42.0
25.0,20.0,41.0
24.0,20.0,44.0
25.0,20.0,44.0
24.0,20.0,43.0
23.0,20.0,42.0
23.0,20.0,45.0
22.0,20.0,44.0
21.0,20.0,48.0
22.0,20.0,50.0
22.0,20.0,54.0
22.0,20.0,53.0
22.0,20.0,60.0
25.0,20.0,60.0
25.0,20.0,59.0
24.0,20.0,57.0
23.0,20.0,58.0
23.0,20.0,59.0
22.0,20.0,58.0
21.0,20.0,60.0
21.0,20.0,62.0
20.0,20.0,62.0
20.0,20.0,66.0
19.0,20.0,64.0
19.0,20.0,62.0
30.0,20.0,68.0
29.0,20.0,71.0
27.0,20.0,73.0
27.0,20.0,69.0
25.0,20.0,67.0
24.0,20.0,70.0
23.0,20.0,72.0
23.0,20.0,72.0
22.0,20.0,74.0
25.0,20.0,72.0
28.0,20.0,68.0
27.0,20.0,70.0
27.0,20.0,66.0
26.0,20.0,63.0
26.0,20.0,64.0
24.0,20.0,69.0
24.0,20.0,70.0
23.0,20.0,71.0
21.0,20.0,74.0
21.0,20.0,70.0
20.0,20.0,72.0
20.0,20.0,73.0
23.0,20.0,74.0
23.0,20.0,75.0
23.0,23.0,87.0
30.0,23.0,92.0
38.0,23.0,88.0
55.0,23.0,89.0
57.0,24.0,94.0
64.0,27.0,96.0
67.0,27.0,115.0
74.0,26.0,126.0
82.0,25.0,130.0
91.0,25.0,132.0
96.0,36.0,147.0
141.0,49.0,148.0
170.0,53.0,165.0
259.0,53.0,200.0
303.0,53.0,247.0
310.0,51.0,277.0
315.0,51.0,296.0
319.0,52.0,288.0
312.0,50.0,304.0
320.0,48.0,327.0
306.0,57.0,310.0
301.0,55.0,291.0
299.0,52.0,271.0
276.0,49.0,250.0
252.0,51.0,229.0
232.0,58.0,211.0
213.0,61.0,194.0
195.0,62.0,178.0
182.0,64.0,165.0
175.0,70.0,154.0
177.0,71.0,143.0
187.0,67.0,136.0
204.0,63.0,131.0
217.0,60.0,126.0
214.0,57.0,128.0
227.0,54.0,125.0
244.0,52.0,120.0
236.0,54.0,119.0
230.0,53.0,114.0
231.0,57.0,107.0
229.0,58.0,111.0
215.0,56.0,109.0
199.0,70.0,114.0
186.0,77.0,106.0
170.0,73.0,102.0
156.0,78.0,98.0
145.0,74.0,103.0
136.0,73.0,102.0
128.0,70.0,101.0
119.0,82.0,101.0
112.0,84.0,94.0
111.0,83.0,89.0
106.0,80.0,90.0
98.0,80.0,87.0
91.0,78.0,82.0
85.0,79.0,81.0
82.0,81.0,80.0
77.0,83.0,78.0
72.0,81.0,77.0
69.0,79.0,76.0
69.0,83.0,73.0
96.0,84.0,74.0
113.0,84.0,90.0
108.0,80.0,91.0
101.0,76.0,87.0
109.0,75.0,101.0
101.0,71.0,120.0
93.0,67.0,115.0
104.0,64.0,112.0
157.0,61.0,121.0
155.0,58.0,121.0
153.0,56.0,133.0
148.0,53.0,141.0
166.0,51.0,145.0
166.0,51.0,166.0
171.0,51.0,176.0
169.0,61.0,221.0
205.0,69.0,236.0
226.0,67.0,246.0
231.0,63.0,233.0
243.0,59.0,285.0
264.0,56.0,278.0
278.0,53.0,289.0
283.0,50.0,293.0
311.0,48.0,293.0
350.0,46.0,291.0
346.0,51.0,312.0
442.0,49.0,302.0
451.0,63.0,288.0
419.0,64.0,288.0
424.0,60.0,267.0
407.0,57.0,249.0
384.0,56.0,230.0
368.0,60.0,211.0
348.0,62.0,196.0
332.0,64.0,180.0
325.0,74.0,165.0
324.0,81.0,152.0
329.0,77.0,140.0
336.0,73.0,132.0
340.0,68.0,128.0
342.0,64.0,124.0
339.0,61.0,120.0
328.0,62.0,117.0
316.0,64.0,113.0
302.0,68.0,106.0
287.0,72.0,100.0
270.0,75.0,105.0
256.0,74.0,107.0
241.0,74.0,99.0
226.0,72.0,93.0
213.0,68.0,87.0
198.0,65.0,81.0
183.0,62.0,76.0
169.0,59.0,73.0
156.0,56.0,70.0
144.0,53.0,65.0
133.0,51.0,62.0
123.0,48.0,59.0
114.0,47.0,57.0
106.0,45.0,54.0
98.0,43.0,51.0
91.0,41.0,49.0
85.0,40.0,46.0
80.0,39.0,45.0
75.0,38.0,44.0
70.0,37.0,48.0
66.0,38.0,50.0
62.0,39.0,49.0
58.0,38.0,48.0
55.0,38.0,46.0
52.0,38.0,44.0
50.0,38.0,42.0
47.0,37.0,40.0
44.0,37.0,39.0
43.0,36.0,39.0
41.0,35.0,37.0
39.0,34.0,37.0
37.0,33.0,37.0
35.0,32.0,36.0
33.0,31.0,34.0
32.0,30.0,33.0
31.0,30.0,33.0
29.0,29.0,33.0
28.0,28.0,32.0
27.0,28.0,30.0
26.0,27.0,30.0
25.0,27.0,28.0
24.0,26.0,28.0
23.0,26.0,28.0
22.0,26.0,28.0
22.0,25.0,28.0
21.0,25.0,27.0
20.0,25.0,26.0
20.0,25.0,26.0
19.0,24.0,25.0
19.0,24.0,25.0
18.0,24.0,26.0
18.0,24.0,26.0
18.0,23.0,25.0
17.0,23.0,24.0
17.0,23.0,24.0
17.0,23.0,23.0
16.0,22.0,23.0
16.0,22.0,23.0
16.0,22.0,22.0
16.0,22.0,22.0
16.0,22.0,22.0
16.0,22.0,21.0
15.0,22.0,21.0
16.0,22.0,21.0
16.0,21.0,21.0
16.0,21.0,20.0
16.0,21.0,20.0
17.0,21.0,20.0
18.0,21.0,20.0
18.0,21.0,20.0
19.0,21.0,20.0
19.0,21.0,21.0
19.0,21.0,21.0
19.0,21.0,21.0
19.0,21.0,21.0
20.0,21.0,21.0
20.0,20.0,21.0
20.0,20.0,20.0
21.0,20.0,20.0
21.0,20.0,20.0
21.0,20.0,20.0
20.0,20.0,20.0
21.0,20.0,19.0
22.0,20.0,19.0
21.0,20.0,19.0
21.0,20.0,19.0
21.0,20.0,19.0
22.0,20.0,19.0
22.0,20.0,19.0
22.0,20.0,19.0
23.0,20.0,19.0
24.0,20.0,19.0
24.0,20.0,19.0
24.0,20.0,19.0
26.0,20.0,20.0
28.0,20.0,24.0
28.0,20.0,25.0
29.0,20.0,26.0
31.0,20.0,25.0
31.0,20.0,25.0
32.0,20.0,25.0
33.0,20.0,25.0
34.0,20.0,28.0
34.0,20.0,28.0
34.0,20.0,31.0
35.0,20.0,30.0
36.0,20.0,29.0
36.0,20.0,29.0
37.0,20.0,29.0
37.0,20.0,30.0
37.0,19.0,29.0
38.0,20.0,33.0
38.0,20.0,36.0
39.0,20.0,36.0
40.0,19.0,34.0
39.0,20.0,36.0
40.0,20.0,35.0
42.0,19.0,36.0
42.0,20.0,37.0
42.0,20.0,36.0
43.0,20.0,35.0
45.0,19.0,35.0
45.0,20.0,35.0
45.0,20.0,34.0
46.0,19.0,34.0
47.0,20.0,33.0
48.0,20.0,34.0
48.0,20.0,32.0
49.0,20.0,32.0
51.0,19.0,31.0
50.0,20.0,31.0
50.0,20.0,33.0
51.0,19.0,33.0
51.0,20.0,32.0
50.0,20.0,32.0
48.0,20.0,32.0
48.0,20.0,33.0
48.0,20.0,31.0
47.0,20.0,30.0
46.0,19.0,31.0
45.0,19.0,31.0
44.0,19.0,31.0
43.0,19.0,30.0
42.0,19.0,30.0
43.0,20.0,31.0
42.0,19.0,34.0
40.0,19.0,37.0
40.0,19.0,36.0
40.0,19.0,35.0
38.0,19.0,35.0
36.0,19.0,34.0
35.0,19.0,34.0
35.0,19.0,33.0
33.0,19.0,32.0
32.0,20.0,32.0
31.0,19.0,31.0
32.0,20.0,32.0
31.0,19.0,31.0
29.0,19.0,30.0
28.0,19.0,29.0
27.0,20.0,29.0
26.0,19.0,28.0
25.0,19.0,28.0
25.0,20.0,28.0
24.0,19.0,27.0
23.0,19.0,27.0
22.0,19.0,27.0
23.0,20.0,27.0
22.0,20.0,27.0
21.0,19.0,28.0
21.0,19.0,27.0
21.0,19.0,27.0
20.0,19.0,26.0
20.0,20.0,26.0
20.0,19.0,26.0
21.0,19.0,26.0
20.0,19.0,25.0
19.0,19.0,24.0
20.0,20.0,24.0
20.0,20.0,25.0
19.0,20.0,25.0
19.0,19.0,24.0
19.0,19.0,24.0
19.0,19.0,25.0
18.0,19.0,25.0
18.0,20.0,25.0
18.0,19.0,25.0
18.0,19.0,24.0
18.0,19.0,24.0
18.0,19.0,23.0
19.0,20.0,26.0
19.0,19.0,27.0
18.0,19.0,27.0
18.0,19.0,27.0
19.0,19.0,27.0
19.0,19.0,27.0
18.0,19.0,27.0
19.0,19.0,26.0
19.0,19.0,27.0
19.0,19.0,26.0
19.0,19.0,25.0
19.0,19.0,25.0
20.0,20.0,27.0
20.0,19.0,28.0
20.0,19.0,28.0
20.0,19.0,28.0
20.0,19.0,27.0
20.0,19.0,26.0
19.0,19.0,26.0
19.0,20.0,28.0
19.0,19.0,27.0
19.0,20.0,27.0
18.0,19.0,27.0
19.0,20.0,28.0
19.0,19.0,29.0
18.0,20.0,29.0
18.0,19.0,30.0
19.0,19.0,31.0
19.0,19.0,33.0
19.0,19.0,33.0
18.0,19.0,32.0
19.0,19.0,33.0
19.0,19.0,33.0
19.0,20.0,32.0
19.0,20.0,33.0
19.0,19.0,33.0
19.0,19.0,32.0
18.0,19.0,31.0
19.0,20.0,31.0
19.0,20.0,33.0
19.0,20.0,33.0
19.0,19.0,33.0
20.0,19.0,33.0
21.0,19.0,34.0
21.0,19.0,35.0
21.0,19.0,35.0
21.0,20.0,34.0
22.0,20.0,34.0
22.0,19.0,34.0
22.0,19.0,36.0
23.0,19.0,35.0
23.0,19.0,35.0
22.0,20.0,35.0
22.0,19.0,35.0
23.0,20.0,36.0
22.0,19.0,34.0
22.0,19.0,33.0
22.0,19.0,33.0
22.0,20.0,34.0
22.0,19.0,34.0
21.0,19.0,34.0
21.0,20.0,33.0
22.0,19.0,34.0
22.0,19.0,34.0
22.0,19.0,33.0
22.0,20.0,34.0
23.0,20.0,33.0
23.0,19.0,35.0
22.0,20.0,33.0
23.0,19.0,32.0
24.0,19.0,32.0
24.0,19.0,32.0
23.0,19.0,31.0
24.0,20.0,31.0
24.0,19.0,32.0
23.0,19.0,31.0
23.0,20.0,30.0
23.0,19.0,30.0
24.0,19.0,31.0
23.0,19.0,31.0
23.0,20.0,31.0
24.0,19.0,32.0
24.0,19.0,32.0
23.0,19.0,33.0
23.0,20.0,32.0
23.0,19.0,33.0
22.0,19.0,32.0
22.0,20.0,33.0
22.0,19.0,33.0
22.0,20.0,35.0
21.0,19.0,39.0
20.0,19.0,39.0
20.0,19.0,38.0
21.0,20.0,37.0
21.0,19.0,36.0
20.0,20.0,36.0
21.0,20.0,39.0
21.0,20.0,41.0
21.0,20.0,42.0
22.0,20.0,43.0
22.0,20.0,41.0
22.0,20.0,44.0
22.0,20.0,44.0
21.0,20.0,48.0
22.0,20.0,48.0
23.0,20.0,47.0
25.0,20.0,45.0
25.0,20.0,45.0
26.0,20.0,54.0
26.0,20.0,59.0
26.0,20.0,60.0
29.0,20.0,58.0
29.0,20.0,56.0
32.0,20.0,61.0
37.0,20.0,60.0
36.0,20.0,58.0
37.0,20.0,60.0
36.0,20.0,59.0
40.0,20.0,59.0
41.0,20.0,57.0
44.0,20.0,59.0
45.0,20.0,57.0
46.0,20.0,57.0
46.0,20.0,58.0
49.0,20.0,62.0
49.0,20.0,59.0
48.0,20.0,57.0
51.0,20.0,59.0
54.0,20.0,69.0
52.0,20.0,74.0
58.0,20.0,78.0
56.0,20.0,85.0
55.0,20.0,95.0
53.0,20.0,92.0
53.0,20.0,92.0
53.0,20.0,89.0
56.0,20.0,95.0
54.0,20.0,96.0
54.0,20.0,90.0
53.0,20.0,91.0
53.0,20.0,90.0
52.0,20.0,89.0
52.0,20.0,89.0
51.0,20.0,87.0
49.0,20.0,88.0
47.0,20.0,85.0
51.0,20.0,87.0
54.0,19.0,86.0
51.0,20.0,89.0
48.0,20.0,85.0
46.0,20.0,81.0
44.0,20.0,80.0
41.0,20.0,75.0
39.0,20.0,87.0
37.0,19.0,89.0
35.0,20.0,86.0
33.0,20.0,83.0
32.0,19.0,81.0
31.0,19.0,80.0
29.0,20.0,79.0
28.0,22.0,76.0
27.0,22.0,73.0
26.0,22.0,77.0
25.0,22.0,76.0
26.0,21.0,76.0
26.0,21.0,77.0
30.0,22.0,76.0
32.0,21.0,76.0
32.0,21.0,80.0
30.0,21.0,78.0
29.0,21.0,75.0
27.0,20.0,76.0
28.0,21.0,77.0
29.0,21.0,81.0
35.0,21.0,85.0
48.0,21.0,82.0
46.0,21.0,84.0
44.0,20.0,93.0
41.0,21.0,93.0
39.0,20.0,97.0
38.0,21.0,93.0
39.0,24.0,97.0
49.0,24.0,94.0
47.0,24.0,93.0
47.0,24.0,105.0
49.0,23.0,104.0
50.0,24.0,112.0
64.0,26.0,131.0
105.0,33.0,149.0
117.0,36.0,159.0
117.0,35.0,159.0
118.0,36.0,167.0
150.0,48.0,164.0
255.0,55.0,175.0
271.0,66.0,229.0
251.0,65.0,216.0
234.0,62.0,220.0
228.0,61.0,240.0
221.0,62.0,267.0
210.0,59.0,253.0
205.0,61.0,234.0
192.0,63.0,219.0
192.0,63.0,207.0
195.0,64.0,190.0
199.0,69.0,174.0
205.0,76.0,160.0
215.0,81.0,147.0
226.0,87.0,135.0
231.0,92.0,127.0
243.0,94.0,121.0
246.0,99.0,124.0
256.0,117.0,120.0
265.0,130.0,118.0
269.0,136.0,120.0
262.0,152.0,120.0
261.0,163.0,113.0
274.0,164.0,116.0
320.0,165.0,109.0
296.0,168.0,104.0
294.0,161.0,104.0
268.0,168.0,103.0
261.0,163.0,100.0
259.0,151.0,94.0
252.0,148.0,92.0
260.0,139.0,88.0
245.0,130.0,86.0
245.0,124.0,83.0
234.0,117.0,78.0
233.0,109.0,73.0
222.0,102.0,72.0
204.0,98.0,68.0
188.0,92.0,68.0
174.0,87.0,77.0
160.0,82.0,83.0
148.0,77.0,100.0
136.0,73.0,119.0
127.0,69.0,138.0
118.0,65.0,170.0
114.0,61.0,195.0
109.0,63.0,187.0
110.0,65.0,196.0
133.0,66.0,218.0
133.0,70.0,283.0
178.0,85.0,288.0
177.0,82.0,289.0
210.0,79.0,334.0
227.0,77.0,317.0
227.0,72.0,312.0
226.0,68.0,301.0
223.0,67.0,316.0
234.0,66.0,301.0
246.0,65.0,287.0
245.0,62.0,264.0
253.0,58.0,246.0
236.0,55.0,231.0
227.0,55.0,222.0
220.0,52.0,237.0
211.0,50.0,236.0
201.0,54.0,225.0
217.0,53.0,229.0
212.0,55.0,213.0
213.0,56.0,198.0
218.0,59.0,182.0
225.0,57.0,169.0
233.0,54.0,157.0
239.0,52.0,144.0
245.0,49.0,133.0
248.0,47.0,124.0
249.0,45.0,116.0
250.0,43.0,110.0
250.0,41.0,103.0
249.0,39.0,95.0
247.0,38.0,89.0
245.0,36.0,83.0
240.0,35.0,79.0
231.0,34.0,75.0
223.0,33.0,75.0
214.0,32.0,75.0
204.0,31.0,79.0
193.0,30.0,78.0
183.0,30.0,76.0
170.0,29.0,72.0
158.0,28.0,68.0
146.0,27.0,63.0
135.0,27.0,61.0
125.0,26.0,57.0
115.0,26.0,53.0
107.0,25.0,52.0
99.0,25.0,50.0
92.0,24.0,50.0
86.0,24.0,51.0
81.0,24.0,52.0
76.0,24.0,49.0
71.0,23.0,47.0
67.0,23.0,45.0
63.0,23.0,45.0
59.0,23.0,43.0
55.0,22.0,41.0
52.0,22.0,41.0
49.0,22.0,39.0
47.0,22.0,39.0
44.0,22.0,37.0
42.0,21.0,36.0
39.0,21.0,34.0
38.0,21.0,34.0
36.0,21.0,32.0
35.0,21.0,32.0
33.0,21.0,32.0
31.0,21.0,32.0
30.0,21.0,31.0
29.0,21.0,32.0
28.0,21.0,31.0
27.0,21.0,31.0
26.0,20.0,30.0
25.0,20.0,31.0
24.0,20.0,31.0
23.0,20.0,30.0
22.0,20.0,31.0
22.0,20.0,30.0
21.0,20.0,29.0
20.0,20.0,29.0
20.0,20.0,28.0
19.0,20.0,28.0
19.0,20.0,29.0
19.0,20.0,29.0
18.0,20.0,28.0
18.0,20.0,28.0
18.0,20.0,27.0
18.0,20.0,27.0
18.0,20.0,27.0
18.0,20.0,27.0
19.0,20.0,26.0
20.0,20.0,26.0
20.0,20.0,26.0
20.0,20.0,27.0
22.0,20.0,29.0
22.0,20.0,31.0
22.0,20.0,32.0
23.0,20.0,31.0
24.0,20.0,30.0
25.0,20.0,29.0
25.0,19.0,30.0
26.0,20.0,31.0
28.0,20.0,31.0
28.0,20.0,29.0
28.0,20.0,29.0
29.0,20.0,28.0
31.0,20.0,27.0
32.0,20.0,26.0
33.0,20.0,26.0
34.0,20.0,25.0
36.0,20.0,25.0
37.0,20.0,24.0
38.0,20.0,24.0
40.0,20.0,23.0
41.0,20.0,23.0
42.0,19.0,23.0
42.0,19.0,23.0
45.0,19.0,23.0
46.0,20.0,23.0
46.0,20.0,24.0
47.0,20.0,24.0
49.0,19.0,28.0
49.0,20.0,30.0
50.0,19.0,30.0
51.0,20.0,29.0
53.0,19.0,28.0
53.0,20.0,28.0
52.0,20.0,27.0
53.0,19.0,26.0
55.0,20.0,28.0
54.0,19.0,31.0
54.0,19.0,32.0
56.0,20.0,31.0
57.0,20.0,31.0
57.0,20.0,30.0
57.0,20.0,30.0
57.0,20.0,29.0
58.0,19.0,29.0
58.0,19.0,28.0
58.0,19.0,27.0
59.0,20.0,27.0
60.0,20.0,27.0
60.0,20.0,27.0
61.0,19.0,27.0
62.0,20.0,27.0
63.0,19.0,28.0
62.0,20.0,27.0
63.0,20.0,27.0
64.0,20.0,28.0
65.0,20.0,29.0
65.0,19.0,32.0
66.0,19.0,36.0
66.0,19.0,36.0
66.0,20.0,35.0
65.0,20.0,33.0
66.0,20.0,34.0
66.0,20.0,34.0
66.0,20.0,33.0
65.0,20.0,32.0
65.0,20.0,33.0
65.0,20.0,36.0
64.0,20.0,39.0
63.0,20.0,37.0
62.0,20.0,36.0
61.0,20.0,36.0
60.0,20.0,37.0
59.0,19.0,36.0
60.0,20.0,35.0
60.0,19.0,35.0
59.0,19.0,33.0
58.0,19.0,32.0
58.0,20.0,33.0
57.0,20.0,32.0
56.0,20.0,31.0
55.0,19.0,30.0
56.0,20.0,31.0
55.0,20.0,33.0
54.0,20.0,31.0
53.0,19.0,31.0
53.0,20.0,30.0
52.0,19.0,29.0
51.0,20.0,29.0
51.0,20.0,28.0
51.0,20.0,27.0
51.0,19.0,27.0
49.0,20.0,27.0
49.0,19.0,27.0
50.0,20.0,33.0
48.0,19.0,34.0
47.0,19.0,37.0
46.0,19.0,35.0
46.0,20.0,34.0
45.0,19.0,33.0
44.0,20.0,32.0
44.0,19.0,31.0
44.0,19.0,30.0
43.0,20.0,31.0
43.0,20.0,34.0
44.0,19.0,37.0
43.0,20.0,36.0
42.0,19.0,34.0
42.0,20.0,33.0
42.0,19.0,33.0
42.0,19.0,32.0
42.0,19.0,32.0
42.0,20.0,31.0
42.0,20.0,31.0
41.0,20.0,30.0
40.0,19.0,30.0
40.0,20.0,31.0
40.0,20.0,32.0
39.0,20.0,31.0
39.0,20.0,30.0
38.0,20.0,30.0
38.0,20.0,33.0
37.0,20.0,33.0
36.0,19.0,33.0
36.0,20.0,33.0
36.0,19.0,35.0
35.0,20.0,34.0
34.0,20.0,35.0
34.0,20.0,36.0
34.0,20.0,37.0
34.0,20.0,42.0
34.0,20.0,44.0
34.0,19.0,42.0
33.0,19.0,40.0
33.0,20.0,39.0
33.0,20.0,40.0
33.0,19.0,40.0
32.0,19.0,40.0
31.0,19.0,39.0
32.0,20.0,42.0
32.0,20.0,46.0
31.0,20.0,45.0
30.0,20.0,44.0
30.0,19.0,44.0
30.0,19.0,44.0
29.0,19.0,42.0
29.0,20.0,41.0
30.0,20.0,43.0
30.0,20.0,43.0
29.0,19.0,43.0
29.0,20.0,41.0
29.0,20.0,41.0
29.0,20.0,41.0
29.0,20.0,40.0
29.0,20.0,38.0
30.0,19.0,39.0
30.0,20.0,38.0
30.0,20.0,38.0
31.0,19.0,42.0
31.0,20.0,42.0
31.0,20.0,41.0
30.0,19.0,40.0
30.0,20.0,38.0
30.0,20.0,38.0
29.0,19.0,37.0
28.0,19.0,36.0
28.0,19.0,35.0
28.0,19.0,36.0
27.0,20.0,35.0
27.0,20.0,34.0
26.0,19.0,34.0
26.0,20.0,34.0
25.0,19.0,33.0
24.0,19.0,32.0
24.0,20.0,32.0
24.0,19.0,32.0
23.0,19.0,32.0
23.0,20.0,33.0
22.0,19.0,33.0
22.0,19.0,32.0
21.0,19.0,31.0
21.0,20.0,30.0
20.0,19.0,30.0
20.0,19.0,29.0
19.0,19.0,28.0
19.0,20.0,28.0
19.0,20.0,29.0
19.0,19.0,29.0
18.0,19.0,28.0
19.0,20.0,28.0
19.0,19.0,29.0
19.0,19.0,28.0
18.0,19.0,29.0
19.0,20.0,29.0
19.0,19.0,29.0
19.0,19.0,28.0
19.0,19.0,28.0
19.0,20.0,29.0
19.0,19.0,28.0
19.0,19.0,28.0
19.0,19.0,28.0
19.0,19.0,29.0
19.0,19.0,31.0
18.0,19.0,31.0
18.0,19.0,31.0
19.0,20.0,32.0
21.0,19.0,36.0
21.0,19.0,35.0
21.0,20.0,35.0
21.0,19.0,36.0
21.0,19.0,38.0
21.0,19.0,38.0
23.0,20.0,36.0
27.0,19.0,36.0
28.0,19.0,36.0
28.0,20.0,38.0
29.0,20.0,38.0
32.0,20.0,37.0
30.0,20.0,37.0
30.0,20.0,37.0
31.0,19.0,36.0
38.0,19.0,35.0
37.0,20.0,35.0
35.0,19.0,33.0
35.0,19.0,35.0
35.0,20.0,34.0
34.0,20.0,36.0
34.0,20.0,35.0
41.0,20.0,35.0
42.0,19.0,36.0
40.0,19.0,34.0
43.0,20.0,34.0
43.0,20.0,38.0
40.0,20.0,41.0
39.0,19.0,40.0
38.0,20.0,40.0
38.0,20.0,42.0
36.0,19.0,43.0
36.0,20.0,43.0
38.0,19.0,42.0
37.0,19.0,40.0
36.0,19.0,40.0
35.0,20.0,42.0
34.0,19.0,43.0
34.0,19.0,43.0
39.0,20.0,50.0
37.0,19.0,49.0
37.0,19.0,56.0
41.0,19.0,54.0
54.0,20.0,55.0
52.0,19.0,55.0
51.0,19.0,61.0
48.0,19.0,61.0
46.0,19.0,61.0
45.0,19.0,59.0
44.0,20.0,62.0
48.0,19.0,60.0
45.0,19.0,61.0
42.0,20.0,64.0
41.0,19.0,65.0
40.0,20.0,75.0
39.0,20.0,81.0
50.0,20.0,78.0
48.0,20.0,79.0
47.0,20.0,82.0
44.0,20.0,78.0
47.0,19.0,76.0
45.0,19.0,71.0
58.0,19.0,74.0
60.0,20.0,75.0
61.0,19.0,71.0
64.0,20.0,71.0
64.0,19.0,73.0
62.0,19.0,71.0
58.0,19.0,82.0
55.0,20.0,79.0
51.0,20.0,88.0
50.0,20.0,90.0
54.0,20.0,95.0
66.0,21.0,114.0
88.0,22.0,120.0
107.0,29.0,122.0
106.0,36.0,128.0
179.0,42.0,151.0
224.0,40.0,221.0
324.0,39.0,232.0
340.0,38.0,243.0
326.0,38.0,240.0
353.0,37.0,283.0
437.0,43.0,275.0
435.0,41.0,292.0
472.0,47.0,316.0
464.0,59.0,297.0
428.0,61.0,280.0
391.0,58.0,267.0
362.0,54.0,246.0
334.0,52.0,227.0
309.0,49.0,211.0
282.0,47.0,195.0
257.0,45.0,179.0
235.0,43.0,166.0
216.0,41.0,153.0
207.0,39.0,142.0
203.0,38.0,133.0
197.0,36.0,125.0
196.0,35.0,118.0
201.0,34.0,115.0
204.0,33.0,107.0
198.0,32.0,101.0
203.0,31.0,96.0
205.0,34.0,93.0
193.0,35.0,88.0
181.0,34.0,89.0
187.0,38.0,96.0
179.0,37.0,90.0
179.0,36.0,88.0
190.0,35.0,91.0
183.0,37.0,87.0
174.0,36.0,83.0
184.0,36.0,78.0
188.0,35.0,81.0
189.0,34.0,76.0
178.0,33.0,80.0
174.0,32.0,83.0
160.0,33.0,79.0
150.0,35.0,79.0
139.0,34.0,76.0
133.0,35.0,79.0
124.0,37.0,75.0
117.0,37.0,74.0
115.0,40.0,97.0
126.0,43.0,114.0
129.0,45.0,124.0
120.0,44.0,126.0
120.0,46.0,134.0
110.0,47.0,143.0
103.0,46.0,137.0
103.0,44.0,138.0
101.0,51.0,146.0
103.0,76.0,174.0
132.0,83.0,180.0
222.0,94.0,202.0
250.0,93.0,260.0
253.0,93.0,274.0
312.0,110.0,300.0
347.0,103.0,323.0
371.0,96.0,302.0
382.0,91.0,317.0
380.0,89.0,358.0
375.0,95.0,353.0
365.0,90.0,329.0
346.0,87.0,305.0
334.0,81.0,286.0
329.0,78.0,273.0
327.0,73.0,261.0
324.0,69.0,246.0
327.0,65.0,231.0
309.0,62.0,216.0
285.0,58.0,203.0
268.0,55.0,191.0
255.0,52.0,177.0
245.0,49.0,162.0
239.0,47.0,149.0
232.0,45.0,137.0
221.0,43.0,127.0
211.0,41.0,116.0
199.0,39.0,108.0
185.0,38.0,103.0
172.0,36.0,96.0
161.0,35.0,98.0
151.0,34.0,95.0
141.0,33.0,91.0
132.0,32.0,94.0
123.0,31.0,93.0
113.0,30.0,88.0
105.0,29.0,83.0
97.0,28.0,80.0
91.0,28.0,76.0
85.0,27.0,72.0
79.0,27.0,69.0
75.0,26.0,67.0
70.0,26.0,64.0
65.0,25.0,61.0
62.0,25.0,58.0
58.0,25.0,57.0
55.0,25.0,55.0
51.0,24.0,53.0
49.0,24.0,52.0
46.0,24.0,56.0
44.0,23.0,58.0
42.0,23.0,60.0
40.0,23.0,60.0
39.0,22.0,59.0
38.0,22.0,57.0
37.0,22.0,55.0
36.0,22.0,54.0
36.0,22.0,53.0
37.0,22.0,51.0
36.0,22.0,50.0
36.0,21.0,49.0
36.0,21.0,47.0
37.0,21.0,45.0
36.0,21.0,43.0
36.0,21.0,42.0
37.0,21.0,42.0
37.0,21.0,40.0
35.0,21.0,40.0
35.0,21.0,39.0
35.0,20.0,39.0
34.0,20.0,38.0
33.0,20.0,39.0
33.0,20.0,42.0
33.0,20.0,46.0
31.0,20.0,49.0
30.0,20.0,49.0
31.0,20.0,48.0
31.0,20.0,45.0
32.0,20.0,44.0
32.0,20.0,44.0
33.0,20.0,42.0
34.0,20.0,40.0
32.0,20.0,39.0
33.0,20.0,38.0
36.0,20.0,37.0
37.0,20.0,39.0
38.0,20.0,39.0
38.0,20.0,40.0
39.0,20.0,40.0
39.0,20.0,40.0
40.0,20.0,40.0
40.0,20.0,44.0
42.0,20.0,44.0
42.0,20.0,42.0
42.0,20.0,41.0
43.0,20.0,42.0
44.0,20.0,40.0
44.0,20.0,39.0
44.0,20.0,40.0
44.0,20.0,40.0
45.0,20.0,39.0
46.0,20.0,38.0
45.0,20.0,39.0
46.0,20.0,39.0
46.0,20.0,37.0
46.0,20.0,37.0
45.0,20.0,37.0
45.0,20.0,37.0
45.0,19.0,36.0
44.0,19.0,36.0
43.0,20.0,37.0
43.0,20.0,37.0
43.0,19.0,35.0
42.0,20.0,34.0
41.0,20.0,36.0
42.0,20.0,38.0
42.0,20.0,38.0
41.0,19.0,39.0
40.0,20.0,38.0
40.0,20.0,37.0
39.0,19.0,36.0
38.0,20.0,37.0
37.0,20.0,37.0
37.0,20.0,36.0
36.0,19.0,35.0
35.0,20.0,34.0
35.0,20.0,37.0
36.0,20.0,36.0
35.0,19.0,39.0
34.0,20.0,39.0
35.0,20.0,40.0
35.0,20.0,39.0
35.0,19.0,38.0
34.0,20.0,40.0
34.0,20.0,39.0
34.0,19.0,37.0
34.0,20.0,38.0
32.0,20.0,38.0
33.0,19.0,36.0
32.0,19.0,35.0
31.0,19.0,35.0
31.0,19.0,35.0
31.0,19.0,35.0
30.0,19.0,35.0
29.0,19.0,35.0
28.0,19.0,34.0
28.0,20.0,33.0
27.0,19.0,32.0
26.0,19.0,33.0
26.0,20.0,33.0
27.0,19.0,32.0
26.0,19.0,32.0
25.0,19.0,31.0
26.0,20.0,30.0
27.0,19.0,29.0
26.0,19.0,30.0
25.0,19.0,30.0
25.0,20.0,30.0
25.0,19.0,29.0
24.0,19.0,31.0
24.0,20.0,31.0
24.0,20.0,30.0
25.0,19.0,29.0
24.0,19.0,28.0
23.0,19.0,28.0
23.0,19.0,29.0
23.0,19.0,30.0
22.0,19.0,31.0
22.0,19.0,31.0
23.0,19.0,31.0
23.0,20.0,31.0
22.0,19.0,32.0
22.0,19.0,32.0
23.0,20.0,31.0
22.0,19.0,30.0
21.0,19.0,30.0
21.0,19.0,29.0
20.0,19.0,29.0
20.0,19.0,28.0
19.0,19.0,28.0
18.0,19.0,28.0
18.0,19.0,27.0
18.0,20.0,27.0
17.0,19.0,27.0
17.0,19.0,27.0
17.0,19.0,26.0
17.0,19.0,26.0
16.0,19.0,26.0
16.0,19.0,26.0
16.0,19.0,25.0
16.0,19.0,26.0
16.0,19.0,25.0
16.0,19.0,25.0
15.0,19.0,25.0
15.0,19.0,25.0
15.0,20.0,26.0
15.0,19.0,25.0
15.0,19.0,25.0
14.0,19.0,25.0
14.0,19.0,25.0
14.0,19.0,25.0
14.0,19.0,24.0
14.0,19.0,23.0
14.0,20.0,24.0
14.0,20.0,25.0
14.0,19.0,27.0
14.0,19.0,27.0
14.0,20.0,26.0
13.0,20.0,26.0
13.0,19.0,25.0
13.0,20.0,25.0
13.0,20.0,25.0
13.0,20.0,24.0
13.0,19.0,24.0
13.0,20.0,24.0
13.0,20.0,23.0
13.0,20.0,23.0
13.0,20.0,23.0
13.0,20.0,23.0
13.0,20.0,26.0
13.0,19.0,28.0
13.0,19.0,29.0
13.0,20.0,28.0
13.0,20.0,28.0
13.0,20.0,27.0
13.0,19.0,27.0
13.0,20.0,26.0
13.0,20.0,26.0
13.0,20.0,25.0
13.0,20.0,25.0
13.0,20.0,24.0
13.0,20.0,24.0
13.0,20.0,23.0
13.0,20.0,23.0
13.0,20.0,23.0
13.0,20.0,23.0
12.0,20.0,23.0
13.0,20.0,23.0
13.0,20.0,23.0
12.0,20.0,22.0
13.0,20.0,22.0
13.0,20.0,22.0
13.0,20.0,22.0
13.0,20.0,22.0
13.0,20.0,22.0
13.0,20.0,22.0
13.0,20.0,21.0
13.0,20.0,21.0
13.0,20.0,21.0
13.0,20.0,22.0
13.0,20.0,21.0
13.0,20.0,21.0
13.0,20.0,20.0
13.0,20.0,20.0
13.0,20.0,20.0
13.0,20.0,20.0
13.0,20.0,20.0
13.0,20.0,20.0
13.0,20.0,19.0
13.0,20.0,19.0
12.0,20.0,19.0
13.0,20.0,20.0
13.0,20.0,20.0
13.0,20.0,20.0
13.0,20.0,20.0
13.0,20.0,20.0
13.0,20.0,20.0
13.0,20.0,19.0
13.0,20.0,19.0
13.0,20.0,19.0
13.0,20.0,19.0
13.0,20.0,19.0
13.0,20.0,19.0
13.0,20.0,19.0
13.0,20.0,18.0
13.0,20.0,19.0
13.0,20.0,20.0
13.0,20.0,19.0
13.0,20.0,19.0
13.0,20.0,19.0
13.0,20.0,19.0
13.0,20.0,19.0
13.0,20.0,19.0
13.0,20.0,19.0
13.0,20.0,19.0
13.0,20.0,19.0
13.0,20.0,18.0
13.0,20.0,18.0
14.0,20.0,18.0
14.0,20.0,19.0
14.0,20.0,20.0
14.0,20.0,26.0
14.0,20.0,26.0
13.0,20.0,27.0
13.0,20.0,29.0
13.0,20.0,29.0
14.0,20.0,30.0
15.0,20.0,30.0
15.0,20.0,30.0
19.0,20.0,30.0
20.0,20.0,31.0
19.0,20.0,34.0
19.0,20.0,35.0
18.0,20.0,35.0
18.0,20.0,35.0
17.0,20.0,35.0
17.0,20.0,42.0
20.0,20.0,45.0
23.0,20.0,45.0
22.0,20.0,43.0
21.0,20.0,42.0
21.0,20.0,45.0
21.0,20.0,46.0
20.0,20.0,44.0
19.0,20.0,45.0
20.0,20.0,47.0
20.0,20.0,52.0
20.0,20.0,55.0
32.0,20.0,58.0
32.0,20.0,58.0
30.0,20.0,55.0
30.0,20.0,53.0
31.0,20.0,51.0
41.0,20.0,50.0
38.0,20.0,49.0
37.0,20.0,47.0
38.0,20.0,47.0
38.0,20.0,47.0
37.0,20.0,46.0
41.0,20.0,45.0
43.0,20.0,46.0
45.0,20.0,48.0
49.0,20.0,52.0
54.0,20.0,50.0
52.0,20.0,49.0
51.0,20.0,52.0
49.0,20.0,52.0
47.0,20.0,51.0
45.0,20.0,51.0
48.0,20.0,55.0
51.0,20.0,58.0
49.0,20.0,60.0
48.0,20.0,58.0
48.0,20.0,64.0
49.0,20.0,61.0
46.0,20.0,63.0
48.0,20.0,60.0
57.0,20.0,65.0
56.0,20.0,64.0
52.0,20.0,64.0
50.0,20.0,71.0
47.0,20.0,67.0
45.0,20.0,64.0
45.0,20.0,63.0
46.0,20.0,64.0
44.0,20.0,68.0
43.0,20.0,68.0
41.0,20.0,66.0
39.0,20.0,70.0
37.0,20.0,77.0
36.0,20.0,78.0
36.0,20.0,78.0
35.0,20.0,80.0
35.0,20.0,85.0
33.0,20.0,98.0
32.0,20.0,104.0
31.0,20.0,109.0
30.0,20.0,104.0
39.0,20.0,103.0
43.0,20.0,102.0
48.0,20.0,104.0
51.0,20.0,113.0
54.0,22.0,120.0
72.0,27.0,126.0
78.0,27.0,176.0
87.0,26.0,200.0
97.0,26.0,197.0
95.0,27.0,200.0
178.0,38.0,215.0
221.0,36.0,226.0
252.0,38.0,220.0
252.0,39.0,215.0
271.0,38.0,238.0
261.0,37.0,243.0
282.0,35.0,263.0
270.0,36.0,249.0
256.0,35.0,232.0
240.0,33.0,213.0
227.0,32.0,197.0
216.0,31.0,185.0
206.0,31.0,174.0
196.0,30.0,161.0
189.0,32.0,150.0
186.0,38.0,139.0
189.0,41.0,131.0
185.0,41.0,128.0
198.0,44.0,126.0
210.0,43.0,119.0
214.0,43.0,115.0
210.0,44.0,111.0
201.0,47.0,107.0
232.0,44.0,110.0
246.0,54.0,103.0
244.0,58.0,101.0
228.0,65.0,97.0
219.0,71.0,91.0
205.0,74.0,92.0
211.0,71.0,91.0
221.0,72.0,88.0
208.0,77.0,88.0
199.0,74.0,84.0
184.0,78.0,80.0
171.0,78.0,79.0
166.0,82.0,76.0
177.0,79.0,75.0
184.0,78.0,72.0
192.0,76.0,68.0
178.0,72.0,65.0
164.0,68.0,66.0
151.0,68.0,72.0
140.0,67.0,80.0
129.0,64.0,86.0
120.0,60.0,91.0
111.0,57.0,94.0
110.0,55.0,96.0
110.0,53.0,105.0
120.0,50.0,112.0
115.0,48.0,125.0
106.0,46.0,127.0
97.0,45.0,141.0
92.0,55.0,147.0
103.0,70.0,198.0
123.0,83.0,228.0
129.0,80.0,251.0
134.0,82.0,259.0
159.0,91.0,276.0
162.0,96.0,297.0
201.0,98.0,344.0
234.0,91.0,335.0
257.0,87.0,341.0
288.0,81.0,330.0
299.0,78.0,320.0
322.0,93.0,316.0
323.0,98.0,321.0
315.0,93.0,307.0
309.0,88.0,294.0
303.0,86.0,319.0
291.0,81.0,295.0
269.0,76.0,269.0
253.0,76.0,246.0
240.0,80.0,225.0
233.0,84.0,208.0
230.0,85.0,192.0
231.0,80.0,178.0
234.0,75.0,164.0
234.0,71.0,151.0
232.0,67.0,139.0
229.0,63.0,128.0
223.0,61.0,118.0
217.0,59.0,108.0
211.0,56.0,102.0
204.0,53.0,97.0
198.0,50.0,91.0
191.0,48.0,88.0
184.0,46.0,92.0
174.0,44.0,95.0
166.0,42.0,96.0
156.0,41.0,90.0
145.0,39.0,85.0
134.0,38.0,84.0
124.0,36.0,80.0
115.0,35.0,77.0
106.0,34.0,74.0
98.0,33.0,72.0
92.0,32.0,71.0
86.0,31.0,69.0
80.0,30.0,66.0
75.0,30.0,64.0
71.0,29.0,62.0
66.0,28.0,60.0
62.0,28.0,59.0
58.0,27.0,58.0
55.0,27.0,57.0
52.0,27.0,56.0
49.0,26.0,57.0
46.0,26.0,57.0
44.0,26.0,55.0
41.0,25.0,53.0
39.0,25.0,55.0
37.0,24.0,55.0
36.0,24.0,55.0
34.0,24.0,52.0
33.0,23.0,50.0
31.0,23.0,50.0
30.0,23.0,49.0
30.0,22.0,47.0
30.0,22.0,45.0
29.0,22.0,45.0
29.0,22.0,48.0
30.0,22.0,49.0
29.0,22.0,51.0
28.0,22.0,50.0
29.0,21.0,48.0
30.0,21.0,45.0
30.0,21.0,43.0
29.0,21.0,41.0
29.0,21.0,42.0
30.0,21.0,41.0
30.0,21.0,40.0
30.0,21.0,40.0
31.0,21.0,39.0
32.0,20.0,38.0
32.0,20.0,36.0
32.0,20.0,35.0
33.0,20.0,34.0
33.0,20.0,32.0
34.0,20.0,34.0
34.0,20.0,36.0
34.0,20.0,35.0
35.0,20.0,33.0
34.0,20.0,32.0
35.0,20.0,32.0
36.0,20.0,32.0
36.0,20.0,32.0
35.0,20.0,31.0
35.0,20.0,30.0
36.0,20.0,29.0
36.0,20.0,28.0
36.0,20.0,28.0
36.0,20.0,29.0
36.0,20.0,28.0
35.0,20.0,27.0
35.0,20.0,26.0
35.0,20.0,26.0
36.0,20.0,25.0
35.0,20.0,24.0
34.0,20.0,24.0
35.0,20.0,24.0
35.0,20.0,25.0
35.0,20.0,32.0
34.0,20.0,36.0
33.0,20.0,36.0
33.0,20.0,34.0
32.0,20.0,33.0
32.0,20.0,32.0
32.0,20.0,31.0
32.0,19.0,30.0
31.0,19.0,29.0
30.0,19.0,28.0
31.0,20.0,27.0
30.0,19.0,28.0
29.0,19.0,28.0
28.0,20.0,27.0
28.0,19.0,26.0
28.0,19.0,27.0
26.0,19.0,30.0
26.0,20.0,30.0
26.0,19.0,29.0
25.0,19.0,28.0
25.0,19.0,28.0
26.0,19.0,28.0
26.0,20.0,27.0
25.0,19.0,28.0
24.0,19.0,27.0
25.0,20.0,27.0
25.0,19.0,27.0
24.0,19.0,27.0
24.0,19.0,27.0
24.0,20.0,27.0
24.0,19.0,26.0
24.0,19.0,28.0
23.0,20.0,27.0
24.0,19.0,26.0
24.0,19.0,25.0
23.0,19.0,26.0
23.0,19.0,25.0
23.0,19.0,25.0
23.0,19.0,24.0
22.0,19.0,24.0
22.0,19.0,24.0
22.0,19.0,25.0
21.0,19.0,24.0
21.0,19.0,24.0
21.0,19.0,23.0
21.0,19.0,24.0
21.0,19.0,24.0
20.0,19.0,24.0
20.0,20.0,23.0
19.0,19.0,23.0
19.0,19.0,24.0
19.0,20.0,25.0
19.0,19.0,32.0
18.0,19.0,35.0
18.0,19.0,34.0
18.0,20.0,33.0
17.0,20.0,34.0
17.0,19.0,33.0
16.0,19.0,33.0
16.0,19.0,32.0
16.0,19.0,32.0
16.0,19.0,30.0
16.0,19.0,29.0
15.0,19.0,29.0
15.0,19.0,30.0
15.0,19.0,34.0
15.0,19.0,34.0
15.0,19.0,33.0
15.0,19.0,33.0
14.0,19.0,32.0
14.0,19.0,31.0
14.0,19.0,31.0
14.0,19.0,30.0
14.0,19.0,30.0
14.0,19.0,29.0
14.0,20.0,28.0
14.0,19.0,27.0
13.0,19.0,27.0
13.0,20.0,26.0
13.0,19.0,27.0
13.0,19.0,27.0
13.0,20.0,26.0
13.0,20.0,25.0
13.0,19.0,25.0
13.0,19.0,25.0
13.0,19.0,24.0
13.0,20.0,24.0
13.0,19.0,23.0
13.0,20.0,23.0
13.0,19.0,22.0
13.0,19.0,23.0
13.0,19.0,22.0
13.0,19.0,22.0
13.0,19.0,21.0
13.0,19.0,21.0
13.0,20.0,21.0
13.0,20.0,21.0
13.0,19.0,21.0
13.0,19.0,20.0
13.0,20.0,20.0
13.0,19.0,20.0
13.0,19.0,20.0
13.0,20.0,21.0
13.0,19.0,21.0
13.0,19.0,21.0
12.0,19.0,21.0
13.0,19.0,20.0
12.0,19.0,20.0
13.0,19.0,20.0
13.0,19.0,21.0
13.0,19.0,21.0
13.0,19.0,22.0
12.0,19.0,22.0
13.0,19.0,21.0
12.0,20.0,21.0
13.0,19.0,23.0
12.0,19.0,22.0
13.0,19.0,22.0
12.0,19.0,23.0
13.0,19.0,22.0
12.0,19.0,22.0
13.0,19.0,22.0
13.0,19.0,23.0
12.0,20.0,23.0
13.0,19.0,22.0
12.0,19.0,22.0
12.0,19.0,26.0
12.0,19.0,26.0
13.0,19.0,25.0
12.0,19.0,24.0
12.0,19.0,24.0
13.0,20.0,24.0
12.0,20.0,24.0
12.0,19.0,24.0
12.0,19.0,24.0
12.0,20.0,24.0
13.0,20.0,24.0
13.0,20.0,25.0
12.0,20.0,25.0
13.0,20.0,24.0
13.0,20.0,24.0
13.0,20.0,24.0
13.0,20.0,24.0
12.0,20.0,24.0
13.0,20.0,24.0
12.0,20.0,24.0
12.0,20.0,25.0
13.0,20.0,27.0
13.0,20.0,27.0
12.0,20.0,27.0
12.0,20.0,26.0
12.0,20.0,26.0
13.0,20.0,26.0
12.0,20.0,26.0
12.0,20.0,27.0
13.0,20.0,29.0
12.0,20.0,29.0
13.0,20.0,30.0
12.0,20.0,31.0
13.0,20.0,32.0
12.0,20.0,32.0
12.0,20.0,31.0
12.0,20.0,30.0
12.0,20.0,29.0
13.0,20.0,30.0
12.0,20.0,32.0
12.0,20.0,31.0
13.0,20.0,31.0
12.0,20.0,32.0
12.0,20.0,34.0
12.0,20.0,35.0
13.0,20.0,34.0
12.0,20.0,33.0
12.0,20.0,32.0
13.0,20.0,32.0
13.0,20.0,32.0
13.0,20.0,34.0
13.0,20.0,35.0
13.0,20.0,36.0
13.0,20.0,40.0
13.0,20.0,38.0
13.0,20.0,38.0
13.0,20.0,39.0
13.0,20.0,38.0
14.0,20.0,38.0
15.0,20.0,36.0
14.0,20.0,37.0
15.0,20.0,37.0
14.0,20.0,38.0
15.0,20.0,41.0
15.0,20.0,43.0
14.0,20.0,45.0
14.0,20.0,44.0
17.0,20.0,44.0
18.0,20.0,50.0
18.0,20.0,48.0
17.0,20.0,46.0
20.0,20.0,46.0
27.0,20.0,45.0
28.0,20.0,42.0
27.0,20.0,42.0
26.0,20.0,41.0
29.0,20.0,44.0
33.0,20.0,47.0
31.0,20.0,54.0
30.0,20.0,64.0
29.0,20.0,65.0
28.0,20.0,67.0
28.0,20.0,71.0
27.0,20.0,80.0
26.0,20.0,87.0
24.0,20.0,92.0
24.0,20.0,92.0
23.0,20.0,86.0
23.0,20.0,87.0
23.0,20.0,103.0
23.0,20.0,108.0
23.0,20.0,110.0
22.0,20.0,107.0
23.0,20.0,108.0
23.0,20.0,109.0
24.0,20.0,115.0
27.0,20.0,114.0
26.0,20.0,123.0
25.0,20.0,118.0
26.0,20.0,110.0
25.0,20.0,107.0
26.0,20.0,101.0
31.0,20.0,110.0
31.0,20.0,107.0
35.0,20.0,102.0
36.0,20.0,101.0
34.0,20.0,94.0
33.0,20.0,97.0
31.0,20.0,104.0
30.0,20.0,102.0
29.0,21.0,113.0
28.0,21.0,116.0
28.0,21.0,113.0
27.0,21.0,113.0
30.0,21.0,105.0
31.0,24.0,101.0
32.0,24.0,97.0
43.0,24.0,93.0
43.0,23.0,89.0
41.0,23.0,84.0
44.0,23.0,86.0
43.0,26.0,94.0
45.0,25.0,106.0
44.0,27.0,110.0
53.0,34.0,108.0
56.0,36.0,115.0
59.0,35.0,124.0
56.0,34.0,121.0
56.0,34.0,115.0
57.0,33.0,125.0
55.0,33.0,120.0
53.0,39.0,119.0
62.0,48.0,122.0
59.0,49.0,120.0
82.0,70.0,131.0
87.0,87.0,134.0
94.0,85.0,152.0
116.0,102.0,179.0
146.0,128.0,242.0
187.0,119.0,256.0
178.0,123.0,246.0
235.0,142.0,239.0
254.0,134.0,270.0
240.0,130.0,261.0
225.0,120.0,252.0
224.0,114.0,233.0
213.0,114.0,213.0
196.0,120.0,196.0
182.0,133.0,181.0
169.0,145.0,167.0
153.0,162.0,156.0
141.0,178.0,146.0
133.0,196.0,137.0
137.0,214.0,128.0
144.0,224.0,124.0
150.0,232.0,129.0
143.0,242.0,129.0
143.0,243.0,132.0
140.0,237.0,134.0
129.0,250.0,136.0
158.0,251.0,132.0
202.0,261.0,135.0
235.0,259.0,127.0
254.0,238.0,123.0
246.0,220.0,115.0
231.0,215.0,113.0
229.0,200.0,109.0
221.0,184.0,102.0
208.0,169.0,96.0
190.0,157.0,90.0
181.0,146.0,86.0
176.0,135.0,82.0
166.0,126.0,77.0
155.0,118.0,80.0
158.0,110.0,129.0
145.0,102.0,158.0
140.0,95.0,179.0
135.0,89.0,178.0
125.0,83.0,177.0
123.0,78.0,185.0
121.0,81.0,183.0
131.0,84.0,197.0
142.0,79.0,230.0
132.0,80.0,279.0
151.0,97.0,288.0
169.0,95.0,290.0
164.0,94.0,272.0
178.0,89.0,259.0
204.0,83.0,286.0
237.0,78.0,284.0
243.0,86.0,291.0
259.0,81.0,288.0
287.0,81.0,297.0
293.0,76.0,299.0
288.0,75.0,331.0
289.0,71.0,325.0
309.0,67.0,338.0
290.0,63.0,336.0
266.0,60.0,326.0
252.0,57.0,304.0
251.0,57.0,281.0
236.0,59.0,259.0
233.0,55.0,242.0
234.0,53.0,222.0
237.0,50.0,203.0
239.0,47.0,186.0
241.0,45.0,172.0
243.0,43.0,158.0
238.0,41.0,145.0
232.0,40.0,133.0
224.0,38.0,123.0
221.0,37.0,114.0
212.0,35.0,105.0
205.0,34.0,99.0
200.0,33.0,94.0
192.0,32.0,89.0
185.0,31.0,84.0
177.0,30.0,81.0
170.0,30.0,77.0
161.0,29.0,73.0
154.0,28.0,69.0
147.0,28.0,67.0
139.0,27.0,64.0
130.0,26.0,60.0
124.0,26.0,58.0
117.0,26.0,57.0
109.0,25.0,55.0
103.0,25.0,53.0
96.0,24.0,52.0
90.0,24.0,50.0
84.0,24.0,48.0
79.0,23.0,47.0
74.0,23.0,47.0
69.0,23.0,46.0
65.0,23.0,44.0
61.0,22.0,44.0
57.0,23.0,45.0
54.0,22.0,44.0
50.0,22.0,42.0
48.0,22.0,42.0
45.0,22.0,42.0
43.0,22.0,41.0
40.0,22.0,40.0
38.0,21.0,40.0
37.0,22.0,40.0
35.0,21.0,39.0
33.0,21.0,38.0
32.0,21.0,39.0
30.0,21.0,39.0
29.0,21.0,38.0
28.0,21.0,39.0
27.0,21.0,40.0
26.0,21.0,39.0
25.0,20.0,38.0
24.0,20.0,39.0
23.0,20.0,40.0
22.0,20.0,39.0
21.0,20.0,38.0
21.0,20.0,38.0
20.0,20.0,39.0
20.0,20.0,39.0
19.0,20.0,38.0
19.0,20.0,39.0
18.0,20.0,40.0
18.0,20.0,41.0
17.0,20.0,40.0
17.0,20.0,39.0
17.0,20.0,42.0
16.0,20.0,41.0
16.0,20.0,40.0
16.0,20.0,41.0
16.0,20.0,41.0
15.0,20.0,40.0
15.0,20.0,39.0
15.0,20.0,41.0
15.0,20.0,41.0
15.0,20.0,39.0
15.0,20.0,39.0
15.0,20.0,39.0
14.0,20.0,39.0
14.0,19.0,38.0
14.0,20.0,38.0
14.0,20.0,39.0
14.0,20.0,38.0
14.0,20.0,39.0
14.0,19.0,38.0
14.0,20.0,39.0
14.0,20.0,38.0
13.0,19.0,37.0
13.0,20.0,37.0
13.0,20.0,37.0
13.0,20.0,36.0
13.0,19.0,35.0
13.0,20.0,36.0
13.0,20.0,36.0
13.0,19.0,35.0
13.0,19.0,34.0
13.0,19.0,34.0
13.0,20.0,34.0
13.0,19.0,33.0
13.0,19.0,33.0
13.0,20.0,33.0
13.0,19.0,32.0
13.0,20.0,31.0
13.0,19.0,32.0
13.0,20.0,32.0
13.0,20.0,32.0
13.0,19.0,31.0
13.0,19.0,31.0
13.0,19.0,31.0
13.0,19.0,30.0
13.0,20.0,30.0
13.0,19.0,29.0
13.0,19.0,30.0
13.0,19.0,29.0
13.0,19.0,28.0
13.0,19.0,28.0
13.0,19.0,28.0
13.0,19.0,28.0
13.0,19.0,27.0
13.0,19.0,28.0
13.0,19.0,27.0
13.0,19.0,27.0
13.0,19.0,26.0
13.0,19.0,26.0
13.0,19.0,26.0
13.0,19.0,26.0
12.0,19.0,25.0
13.0,19.0,25.0
13.0,19.0,25.0
13.0,19.0,24.0
13.0,19.0,23.0
13.0,20.0,24.0
13.0,19.0,23.0
13.0,19.0,23.0
12.0,19.0,22.0
13.0,20.0,22.0
13.0,20.0,22.0
12.0,19.0,21.0
13.0,19.0,21.0
12.0,20.0,21.0
13.0,20.0,21.0
12.0,19.0,21.0
13.0,19.0,20.0
13.0,20.0,20.0
13.0,19.0,20.0
12.0,19.0,20.0
12.0,19.0,19.0
12.0,19.0,20.0
13.0,19.0,20.0
12.0,20.0,19.0
12.0,19.0,19.0
12.0,20.0,19.0
12.0,19.0,19.0
12.0,19.0,19.0
13.0,19.0,19.0
13.0,19.0,19.0
12.0,19.0,19.0
12.0,19.0,18.0
13.0,19.0,19.0
13.0,20.0,19.0
12.0,19.0,19.0
12.0,19.0,19.0
13.0,20.0,20.0
12.0,19.0,19.0
12.0,19.0,19.0
12.0,19.0,19.0
12.0,19.0,19.0
12.0,19.0,20.0
12.0,19.0,19.0
12.0,19.0,20.0
12.0,19.0,20.0
12.0,19.0,20.0
12.0,19.0,20.0
12.0,19.0,20.0
12.0,20.0,20.0
12.0,20.0,20.0
12.0,19.0,19.0
12.0,19.0,19.0
13.0,20.0,19.0
12.0,19.0,19.0
12.0,19.0,19.0
12.0,19.0,19.0
12.0,19.0,19.0
13.0,19.0,19.0
12.0,19.0,18.0
12.0,20.0,19.0
13.0,19.0,19.0
12.0,19.0,18.0
12.0,20.0,18.0
12.0,19.0,18.0
12.0,19.0,18.0
12.0,19.0,18.0
13.0,19.0,18.0
12.0,20.0,18.0
13.0,20.0,18.0
12.0,19.0,18.0
13.0,19.0,18.0
12.0,19.0,18.0
12.0,20.0,18.0
12.0,19.0,18.0
13.0,19.0,18.0
12.0,20.0,18.0
13.0,19.0,18.0
12.0,19.0,18.0
13.0,20.0,18.0
12.0,19.0,18.0
13.0,20.0,19.0
13.0,20.0,19.0
13.0,20.0,19.0
14.0,19.0,19.0
17.0,19.0,19.0
16.0,20.0,19.0
16.0,20.0,19.0
16.0,20.0,19.0
15.0,19.0,18.0
15.0,19.0,18.0
15.0,20.0,18.0
15.0,20.0,18.0
15.0,19.0,18.0
15.0,19.0,18.0
15.0,20.0,18.0
14.0,20.0,18.0
14.0,20.0,18.0
18.0,20.0,18.0
18.0,20.0,21.0
17.0,20.0,22.0
17.0,20.0,25.0
17.0,20.0,24.0
16.0,20.0,24.0
16.0,20.0,25.0
16.0,20.0,25.0
15.0,20.0,27.0
15.0,20.0,28.0
15.0,20.0,30.0
15.0,20.0,36.0
15.0,20.0,37.0
15.0,20.0,36.0
17.0,20.0,35.0
17.0,20.0,38.0
16.0,20.0,39.0
16.0,20.0,45.0
16.0,20.0,44.0
15.0,20.0,42.0
15.0,20.0,41.0
15.0,20.0,44.0
16.0,19.0,45.0
16.0,21.0,54.0
16.0,21.0,54.0
18.0,21.0,51.0
17.0,21.0,48.0
17.0,21.0,46.0
18.0,20.0,49.0
21.0,20.0,52.0
23.0,20.0,51.0
30.0,20.0,50.0
29.0,20.0,48.0
36.0,20.0,51.0
34.0,20.0,51.0
32.0,20.0,52.0
31.0,20.0,55.0
39.0,20.0,53.0
55.0,20.0,53.0
53.0,20.0,56.0
49.0,20.0,61.0
47.0,20.0,76.0
44.0,20.0,90.0
42.0,20.0,108.0
39.0,20.0,109.0
37.0,20.0,103.0
37.0,20.0,98.0
41.0,20.0,103.0
46.0,20.0,104.0
45.0,20.0,100.0
43.0,20.0,96.0
41.0,20.0,92.0
39.0,20.0,90.0
37.0,20.0,86.0
41.0,20.0,81.0
46.0,20.0,78.0
44.0,20.0,86.0
42.0,20.0,89.0
39.0,20.0,85.0
37.0,20.0,83.0
35.0,20.0,77.0
35.0,20.0,74.0
38.0,20.0,76.0
36.0,20.0,76.0
34.0,20.0,75.0
33.0,20.0,72.0
31.0,20.0,68.0
30.0,20.0,71.0
28.0,20.0,73.0
27.0,20.0,70.0
26.0,20.0,66.0
25.0,20.0,65.0
24.0,20.0,69.0
23.0,20.0,76.0
23.0,20.0,74.0
22.0,20.0,71.0
21.0,20.0,67.0
21.0,20.0,65.0
21.0,20.0,68.0
20.0,20.0,70.0
22.0,20.0,71.0
21.0,20.0,69.0
27.0,20.0,65.0
30.0,20.0,61.0
37.0,20.0,60.0
35.0,20.0,60.0
33.0,20.0,58.0
32.0,20.0,58.0
31.0,20.0,59.0
29.0,20.0,62.0
28.0,20.0,67.0
27.0,20.0,67.0
27.0,20.0,66.0
28.0,20.0,69.0
28.0,20.0,70.0
32.0,20.0,74.0
35.0,20.0,74.0
36.0,20.0,69.0
35.0,20.0,72.0
36.0,20.0,82.0
40.0,20.0,87.0
44.0,20.0,86.0
46.0,20.0,87.0
46.0,20.0,94.0
43.0,20.0,99.0
45.0,20.0,108.0
44.0,20.0,114.0
47.0,20.0,125.0
46.0,20.0,125.0
58.0,20.0,131.0
77.0,21.0,134.0
83.0,36.0,137.0
108.0,47.0,163.0
119.0,44.0,176.0
115.0,42.0,197.0
126.0,52.0,207.0
161.0,50.0,231.0
186.0,49.0,252.0
199.0,52.0,260.0
200.0,52.0,281.0
238.0,53.0,311.0
277.0,68.0,322.0
300.0,81.0,328.0
285.0,89.0,318.0
284.0,84.0,317.0
271.0,78.0,302.0
253.0,74.0,286.0
241.0,70.0,274.0
231.0,69.0,262.0
224.0,69.0,251.0
216.0,70.0,240.0
224.0,70.0,225.0
232.0,68.0,212.0
235.0,78.0,198.0
243.0,73.0,184.0
234.0,77.0,181.0
238.0,83.0,177.0
233.0,82.0,175.0
229.0,84.0,163.0
230.0,98.0,157.0
213.0,98.0,163.0
199.0,110.0,155.0
184.0,110.0,150.0
182.0,106.0,145.0
201.0,100.0,146.0
199.0,101.0,153.0
201.0,100.0,150.0
195.0,93.0,159.0
201.0,87.0,163.0
195.0,81.0,161.0
185.0,79.0,151.0
181.0,73.0,154.0
171.0,69.0,155.0
157.0,65.0,152.0
146.0,62.0,166.0
148.0,58.0,179.0
140.0,55.0,178.0
138.0,52.0,171.0
138.0,50.0,194.0
163.0,50.0,213.0
164.0,50.0,253.0
162.0,49.0,254.0
166.0,62.0,285.0
172.0,61.0,282.0
180.0,74.0,296.0
180.0,71.0,336.0
191.0,68.0,317.0
200.0,64.0,309.0
220.0,71.0,308.0
223.0,68.0,335.0
216.0,72.0,328.0
216.0,68.0,315.0
236.0,69.0,306.0
278.0,66.0,317.0
306.0,62.0,310.0
295.0,65.0,302.0
292.0,64.0,287.0
338.0,62.0,265.0
335.0,62.0,263.0
311.0,58.0,255.0
286.0,55.0,245.0
261.0,52.0,233.0
245.0,50.0,220.0
224.0,48.0,211.0
208.0,46.0,209.0
193.0,49.0,200.0
179.0,53.0,190.0
165.0,52.0,186.0
164.0,51.0,196.0
162.0,50.0,187.0
161.0,48.0,182.0
167.0,45.0,176.0
171.0,43.0,171.0
183.0,41.0,172.0
200.0,39.0,167.0
201.0,38.0,164.0
210.0,37.0,161.0
233.0,35.0,157.0
240.0,34.0,152.0
244.0,33.0,141.0
245.0,32.0,140.0
244.0,31.0,136.0
242.0,30.0,130.0
245.0,29.0,125.0
245.0,29.0,123.0
230.0,28.0,121.0
220.0,27.0,119.0
207.0,27.0,115.0
203.0,26.0,112.0
200.0,26.0,117.0
193.0,25.0,120.0
184.0,25.0,117.0
170.0,25.0,114.0
163.0,24.0,114.0
158.0,24.0,112.0
153.0,24.0,108.0
144.0,23.0,103.0
135.0,23.0,109.0
124.0,23.0,105.0
115.0,23.0,105.0
106.0,22.0,105.0
98.0,22.0,101.0
91.0,22.0,104.0
84.0,22.0,104.0
85.0,22.0,102.0
85.0,22.0,99.0
79.0,21.0,101.0
74.0,21.0,100.0
69.0,21.0,97.0
66.0,21.0,97.0
62.0,21.0,99.0
59.0,21.0,98.0
56.0,21.0,96.0
52.0,21.0,96.0
50.0,21.0,97.0
48.0,20.0,97.0
46.0,20.0,96.0
44.0,20.0,95.0
42.0,20.0,96.0
46.0,20.0,95.0
48.0,20.0,94.0
49.0,20.0,94.0
50.0,20.0,93.0
50.0,20.0,92.0
52.0,20.0,90.0
52.0,20.0,90.0
53.0,20.0,89.0
55.0,20.0,88.0
57.0,20.0,86.0
57.0,20.0,85.0
59.0,20.0,85.0
62.0,20.0,82.0
63.0,20.0,81.0
65.0,20.0,81.0
67.0,20.0,79.0
70.0,20.0,77.0
71.0,20.0,76.0
73.0,20.0,74.0
75.0,20.0,74.0
78.0,20.0,72.0
79.0,20.0,70.0
80.0,20.0,70.0
83.0,20.0,69.0
85.0,20.0,67.0
86.0,20.0,65.0
87.0,20.0,64.0
88.0,20.0,63.0
90.0,20.0,60.0
90.0,20.0,59.0
91.0,19.0,57.0
93.0,19.0,55.0
95.0,19.0,53.0
95.0,20.0,51.0
95.0,20.0,50.0
97.0,20.0,48.0
97.0,19.0,48.0
97.0,20.0,47.0
98.0,20.0,47.0
100.0,20.0,45.0
102.0,20.0,42.0
102.0,20.0,42.0
103.0,19.0,42.0
105.0,19.0,40.0
105.0,19.0,39.0
106.0,19.0,37.0
108.0,20.0,36.0
108.0,20.0,35.0
107.0,20.0,34.0
107.0,20.0,33.0
108.0,19.0,32.0
107.0,19.0,31.0
107.0,20.0,31.0
108.0,20.0,30.0
107.0,19.0,29.0
107.0,20.0,30.0
107.0,20.0,31.0
106.0,19.0,30.0
106.0,19.0,30.0
106.0,20.0,31.0
106.0,20.0,30.0
106.0,19.0,29.0
105.0,20.0,28.0
105.0,20.0,27.0
105.0,19.0,26.0
104.0,20.0,26.0
103.0,20.0,26.0
103.0,19.0,25.0
103.0,19.0,25.0
102.0,20.0,24.0
103.0,20.0,24.0
103.0,19.0,23.0
102.0,19.0,24.0
101.0,19.0,25.0
101.0,19.0,25.0
100.0,19.0,24.0
99.0,19.0,23.0
100.0,20.0,23.0
100.0,19.0,23.0
100.0,20.0,22.0
99.0,19.0,22.0
99.0,20.0,22.0
99.0,20.0,21.0
98.0,20.0,21.0
97.0,20.0,21.0
97.0,19.0,21.0
97.0,20.0,20.0
95.0,20.0,21.0
94.0,20.0,21.0
93.0,20.0,21.0
92.0,19.0,20.0
90.0,20.0,20.0
89.0,19.0,23.0
89.0,20.0,23.0
88.0,19.0,24.0
87.0,20.0,24.0
86.0,20.0,23.0
86.0,19.0,24.0
85.0,20.0,23.0
84.0,19.0,23.0
84.0,20.0,24.0
84.0,20.0,25.0
82.0,19.0,24.0
81.0,20.0,24.0
81.0,19.0,23.0
80.0,19.0,23.0
79.0,20.0,23.0
77.0,19.0,23.0
76.0,20.0,23.0
74.0,19.0,24.0
72.0,20.0,24.0
71.0,19.0,24.0
70.0,20.0,25.0
69.0,20.0,25.0
67.0,20.0,25.0
66.0,20.0,27.0
66.0,19.0,27.0
65.0,19.0,27.0
64.0,19.0,27.0
63.0,20.0,27.0
63.0,20.0,28.0
62.0,19.0,28.0
61.0,19.0,28.0
61.0,20.0,29.0
61.0,20.0,30.0
61.0,20.0,32.0
60.0,20.0,33.0
60.0,20.0,34.0
61.0,20.0,36.0
59.0,19.0,37.0
58.0,20.0,36.0
58.0,19.0,38.0
58.0,20.0,39.0
57.0,20.0,40.0
55.0,19.0,39.0
56.0,20.0,43.0
55.0,20.0,42.0
54.0,19.0,42.0
52.0,20.0,41.0
52.0,19.0,42.0
51.0,20.0,42.0
49.0,20.0,42.0
48.0,19.0,41.0
47.0,20.0,42.0
46.0,19.0,41.0
45.0,19.0,41.0
45.0,19.0,43.0
45.0,20.0,43.0
43.0,19.0,42.0
42.0,19.0,41.0
42.0,20.0,41.0
41.0,19.0,42.0
40.0,20.0,41.0
39.0,19.0,40.0
39.0,20.0,39.0
39.0,19.0,39.0
37.0,19.0,39.0
36.0,20.0,39.0
35.0,20.0,40.0
34.0,19.0,40.0
32.0,19.0,39.0
31.0,19.0,39.0
30.0,20.0,39.0
29.0,19.0,39.0
28.0,19.0,38.0
28.0,19.0,37.0
28.0,19.0,38.0
27.0,19.0,37.0
26.0,19.0,36.0
25.0,19.0,36.0
25.0,19.0,36.0
24.0,20.0,35.0
23.0,20.0,35.0
23.0,19.0,34.0
23.0,19.0,34.0
22.0,19.0,33.0
22.0,20.0,32.0
21.0,19.0,31.0
21.0,19.0,32.0
20.0,19.0,31.0
20.0,19.0,30.0
20.0,19.0,30.0
19.0,19.0,31.0
19.0,20.0,30.0
18.0,20.0,29.0
18.0,20.0,29.0
18.0,19.0,29.0
17.0,20.0,29.0
17.0,20.0,28.0
17.0,19.0,29.0
17.0,19.0,29.0
17.0,19.0,28.0
17.0,20.0,28.0
17.0,19.0,28.0
17.0,19.0,28.0
17.0,20.0,28.0
17.0,19.0,28.0
17.0,19.0,28.0
17.0,20.0,28.0
16.0,19.0,27.0
16.0,19.0,27.0
16.0,19.0,27.0
16.0,19.0,26.0
16.0,19.0,26.0
16.0,19.0,26.0
16.0,19.0,26.0
16.0,19.0,25.0
15.0,19.0,25.0
16.0,20.0,25.0
15.0,19.0,25.0
15.0,19.0,25.0
15.0,20.0,25.0
15.0,19.0,25.0
15.0,19.0,25.0
15.0,19.0,25.0
15.0,19.0,25.0
15.0,19.0,25.0
15.0,19.0,25.0
15.0,19.0,26.0
14.0,19.0,25.0
14.0,19.0,25.0
14.0,19.0,25.0
14.0,19.0,24.0
14.0,19.0,26.0
14.0,20.0,27.0
14.0,19.0,26.0
14.0,19.0,26.0
14.0,19.0,27.0
14.0,19.0,27.0
14.0,20.0,26.0
14.0,20.0,27.0
17.0,20.0,27.0
17.0,19.0,27.0
20.0,20.0,28.0
20.0,19.0,30.0
21.0,19.0,31.0
21.0,20.0,32.0
21.0,19.0,31.0
20.0,19.0,31.0
25.0,20.0,30.0
24.0,19.0,35.0
28.0,20.0,41.0
27.0,20.0,42.0
26.0,19.0,41.0
25.0,19.0,41.0
24.0,20.0,42.0
24.0,20.0,40.0
26.0,20.0,40.0
45.0,20.0,42.0
44.0,19.0,41.0
43.0,20.0,42.0
42.0,20.0,46.0
43.0,20.0,44.0
41.0,20.0,43.0
50.0,20.0,43.0
55.0,20.0,41.0
53.0,20.0,40.0
57.0,20.0,38.0
57.0,20.0,46.0
59.0,19.0,47.0
55.0,20.0,47.0
52.0,20.0,47.0
54.0,20.0,48.0
50.0,19.0,48.0
48.0,20.0,52.0
46.0,20.0,54.0
44.0,20.0,64.0
66.0,19.0,68.0
87.0,20.0,68.0
87.0,20.0,72.0
82.0,19.0,72.0
76.0,19.0,71.0
71.0,19.0,80.0
69.0,20.0,80.0
67.0,20.0,82.0
64.0,19.0,92.0
65.0,19.0,96.0
62.0,20.0,95.0
64.0,19.0,103.0
60.0,19.0,103.0
57.0,20.0,109.0
79.0,20.0,109.0
77.0,19.0,105.0
72.0,19.0,108.0
68.0,20.0,112.0
64.0,19.0,105.0
60.0,20.0,103.0
56.0,20.0,106.0
52.0,19.0,109.0
48.0,19.0,105.0
46.0,20.0,107.0
43.0,20.0,112.0
41.0,20.0,121.0
38.0,19.0,116.0
37.0,20.0,112.0
35.0,20.0,109.0
33.0,20.0,128.0
35.0,19.0,130.0
35.0,20.0,127.0
33.0,20.0,121.0
32.0,19.0,121.0
32.0,20.0,132.0
33.0,20.0,126.0
31.0,19.0,126.0
29.0,19.0,128.0
28.0,19.0,137.0
27.0,20.0,133.0
25.0,19.0,138.0
28.0,19.0,144.0
27.0,20.0,141.0
27.0,20.0,134.0
27.0,20.0,131.0
30.0,20.0,137.0
32.0,20.0,133.0
41.0,20.0,132.0
38.0,20.0,159.0
39.0,20.0,158.0
59.0,21.0,177.0
66.0,21.0,176.0
65.0,21.0,186.0
103.0,27.0,212.0
126.0,47.0,238.0
147.0,50.0,257.0
245.0,64.0,291.0
280.0,61.0,301.0
305.0,65.0,299.0
330.0,61.0,288.0
327.0,59.0,269.0
343.0,60.0,258.0
317.0,56.0,241.0
303.0,54.0,222.0
287.0,57.0,205.0
271.0,69.0,188.0
255.0,80.0,172.0
243.0,89.0,158.0
231.0,102.0,145.0
223.0,113.0,133.0
222.0,117.0,122.0
219.0,132.0,117.0
211.0,138.0,124.0
199.0,145.0,122.0
215.0,143.0,125.0
210.0,144.0,121.0
196.0,163.0,129.0
237.0,156.0,133.0
223.0,169.0,127.0
237.0,169.0,123.0
232.0,173.0,122.0
215.0,180.0,122.0
227.0,172.0,129.0
212.0,167.0,122.0
197.0,156.0,119.0
189.0,147.0,116.0
175.0,151.0,108.0
214.0,156.0,99.0
211.0,159.0,93.0
216.0,163.0,88.0
197.0,169.0,96.0
184.0,171.0,110.0
173.0,169.0,107.0
179.0,181.0,118.0
167.0,185.0,142.0
164.0,190.0,166.0
156.0,183.0,178.0
147.0,190.0,182.0
138.0,189.0,203.0
138.0,186.0,196.0
163.0,186.0,203.0
199.0,218.0,214.0
211.0,205.0,276.0
215.0,194.0,295.0
210.0,185.0,347.0
200.0,182.0,375.0
205.0,185.0,391.0
238.0,187.0,417.0
227.0,173.0,415.0
280.0,161.0,405.0
289.0,153.0,400.0
267.0,142.0,407.0
251.0,134.0,390.0
264.0,126.0,365.0
271.0,120.0,349.0
252.0,111.0,321.0
241.0,103.0,291.0
235.0,96.0,265.0
234.0,90.0,243.0
234.0,84.0,223.0
234.0,79.0,205.0
233.0,74.0,189.0
228.0,69.0,174.0
218.0,65.0,161.0
208.0,62.0,148.0
195.0,59.0,136.0
179.0,55.0,126.0
167.0,53.0,116.0
153.0,50.0,108.0
140.0,47.0,99.0
130.0,45.0,92.0
120.0,43.0,86.0
111.0,42.0,80.0
103.0,40.0,75.0
95.0,38.0,71.0
89.0,37.0,67.0
83.0,36.0,63.0
78.0,35.0,60.0
73.0,34.0,58.0
69.0,33.0,55.0
64.0,32.0,52.0
62.0,32.0,50.0
62.0,30.0,48.0
58.0,30.0,52.0
55.0,29.0,51.0
52.0,28.0,48.0
50.0,28.0,46.0
50.0,28.0,44.0
47.0,27.0,44.0
46.0,27.0,45.0
44.0,26.0,47.0
45.0,26.0,45.0
46.0,26.0,43.0
46.0,25.0,42.0
46.0,25.0,42.0
47.0,24.0,40.0
48.0,24.0,41.0
47.0,24.0,41.0
47.0,23.0,39.0
47.0,23.0,40.0
48.0,23.0,41.0
48.0,23.0,41.0
45.0,22.0,40.0
47.0,22.0,40.0
48.0,22.0,40.0
48.0,22.0,41.0
49.0,22.0,43.0
49.0,22.0,46.0
49.0,22.0,44.0
48.0,21.0,42.0
48.0,21.0,42.0
49.0,21.0,43.0
49.0,21.0,42.0
46.0,21.0,41.0
49.0,21.0,41.0
53.0,21.0,42.0
53.0,21.0,42.0
52.0,21.0,42.0
52.0,21.0,42.0
53.0,21.0,43.0
54.0,20.0,45.0
53.0,20.0,44.0
54.0,20.0,43.0
55.0,20.0,45.0
52.0,20.0,46.0
54.0,20.0,46.0
52.0,20.0,47.0
56.0,20.0,51.0
62.0,20.0,51.0
61.0,20.0,51.0
63.0,20.0,52.0
64.0,20.0,54.0
64.0,20.0,54.0
64.0,20.0,53.0
65.0,20.0,55.0
65.0,20.0,56.0
63.0,20.0,55.0
62.0,20.0,55.0
67.0,20.0,58.0
68.0,20.0,58.0
64.0,20.0,58.0
65.0,20.0,58.0
67.0,20.0,59.0
66.0,20.0,59.0
65.0,20.0,57.0
65.0,20.0,57.0
65.0,20.0,59.0
64.0,20.0,60.0
63.0,20.0,58.0
60.0,20.0,59.0
62.0,20.0,61.0
61.0,20.0,59.0
61.0,20.0,58.0
61.0,20.0,58.0
60.0,20.0,58.0
59.0,20.0,57.0
58.0,20.0,57.0
57.0,20.0,57.0
55.0,19.0,58.0
53.0,20.0,55.0
52.0,20.0,55.0
49.0,20.0,59.0
51.0,20.0,58.0
49.0,20.0,56.0
47.0,20.0,55.0
47.0,19.0,56.0
45.0,20.0,55.0
42.0,20.0,54.0
41.0,20.0,54.0
40.0,20.0,54.0
38.0,20.0,56.0
36.0,20.0,54.0
35.0,19.0,55.0
33.0,20.0,56.0
32.0,19.0,56.0
32.0,19.0,55.0
31.0,20.0,55.0
30.0,20.0,55.0
29.0,20.0,54.0
28.0,19.0,53.0
27.0,20.0,53.0
26.0,19.0,54.0
25.0,19.0,53.0
24.0,19.0,52.0
24.0,20.0,52.0
23.0,19.0,52.0
22.0,19.0,51.0
22.0,19.0,50.0
21.0,20.0,53.0
20.0,19.0,51.0
20.0,19.0,49.0
19.0,20.0,49.0
19.0,19.0,49.0
18.0,19.0,48.0
18.0,19.0,46.0
17.0,20.0,46.0
17.0,19.0,45.0
17.0,19.0,44.0
16.0,20.0,43.0
16.0,20.0,43.0
16.0,19.0,43.0
16.0,19.0,43.0
15.0,19.0,43.0
15.0,19.0,43.0
15.0,20.0,44.0
15.0,19.0,43.0
15.0,20.0,42.0
15.0,19.0,43.0
14.0,19.0,43.0
14.0,19.0,42.0
14.0,20.0,44.0
14.0,19.0,43.0
14.0,19.0,44.0
14.0,20.0,42.0
14.0,19.0,41.0
14.0,19.0,41.0
13.0,19.0,40.0
13.0,19.0,39.0
13.0,20.0,39.0
13.0,20.0,40.0
13.0,19.0,39.0
13.0,19.0,39.0
13.0,19.0,39.0
13.0,19.0,40.0
13.0,19.0,40.0
13.0,19.0,39.0
13.0,19.0,39.0
13.0,19.0,40.0
12.0,19.0,40.0
13.0,19.0,39.0
13.0,20.0,40.0
13.0,19.0,40.0
12.0,19.0,40.0
13.0,19.0,39.0
13.0,19.0,40.0
12.0,19.0,40.0
12.0,19.0,40.0
12.0,19.0,43.0
13.0,19.0,43.0
12.0,19.0,43.0
12.0,19.0,41.0
12.0,19.0,41.0
12.0,19.0,42.0
12.0,19.0,42.0
12.0,19.0,41.0
12.0,19.0,41.0
12.0,19.0,42.0
12.0,19.0,42.0
12.0,19.0,42.0
12.0,19.0,41.0
12.0,19.0,42.0
12.0,19.0,43.0
12.0,19.0,44.0
12.0,19.0,43.0
12.0,19.0,43.0
12.0,20.0,42.0
12.0,20.0,41.0
12.0,19.0,41.0
12.0,19.0,42.0
12.0,19.0,41.0
12.0,19.0,41.0
12.0,20.0,42.0
12.0,19.0,43.0
12.0,19.0,43.0
12.0,19.0,42.0
12.0,20.0,42.0
12.0,19.0,43.0
12.0,19.0,41.0
12.0,20.0,41.0
12.0,19.0,43.0
12.0,19.0,42.0
12.0,19.0,42.0
12.0,20.0,42.0
12.0,19.0,42.0
12.0,19.0,41.0
12.0,20.0,40.0
12.0,20.0,41.0
12.0,19.0,45.0
12.0,20.0,44.0
12.0,19.0,42.0
12.0,19.0,41.0
12.0,19.0,41.0
12.0,19.0,40.0
12.0,19.0,39.0
12.0,19.0,39.0
12.0,19.0,39.0
12.0,19.0,38.0
12.0,19.0,38.0
12.0,19.0,38.0
12.0,19.0,38.0
12.0,19.0,37.0
12.0,19.0,37.0
12.0,19.0,38.0
12.0,19.0,37.0
12.0,19.0,39.0
12.0,19.0,41.0
12.0,19.0,40.0
12.0,19.0,39.0
12.0,20.0,38.0
12.0,19.0,38.0
12.0,19.0,39.0
12.0,19.0,39.0
12.0,19.0,38.0
12.0,19.0,39.0
12.0,19.0,40.0
12.0,19.0,40.0
12.0,19.0,39.0
12.0,19.0,40.0
12.0,19.0,41.0
12.0,19.0,42.0
12.0,19.0,41.0
12.0,19.0,42.0
12.0,19.0,43.0
12.0,19.0,43.0
12.0,19.0,43.0
12.0,19.0,45.0
12.0,19.0,45.0
12.0,19.0,45.0
12.0,19.0,45.0
12.0,19.0,48.0
12.0,19.0,48.0
12.0,19.0,47.0
12.0,19.0,48.0
11.0,19.0,48.0
12.0,19.0,47.0
12.0,19.0,49.0
12.0,19.0,53.0
12.0,19.0,55.0
12.0,19.0,57.0
12.0,19.0,57.0
12.0,19.0,54.0
12.0,19.0,56.0
12.0,19.0,55.0
12.0,19.0,55.0
12.0,19.0,57.0
12.0,19.0,58.0
12.0,19.0,58.0
12.0,19.0,56.0
12.0,19.0,54.0
12.0,19.0,55.0
13.0,19.0,58.0
12.0,19.0,56.0
13.0,20.0,53.0
12.0,19.0,55.0
12.0,19.0,53.0
12.0,19.0,54.0
12.0,19.0,53.0
12.0,19.0,54.0
12.0,19.0,53.0
13.0,20.0,52.0
14.0,19.0,52.0
14.0,19.0,51.0
14.0,19.0,55.0
14.0,20.0,58.0
14.0,20.0,58.0
13.0,20.0,57.0
13.0,20.0,54.0
13.0,20.0,53.0
13.0,19.0,55.0
13.0,19.0,53.0
13.0,19.0,57.0
13.0,20.0,56.0
13.0,20.0,60.0
13.0,19.0,60.0
13.0,19.0,56.0
13.0,19.0,56.0
13.0,19.0,54.0
13.0,19.0,53.0
13.0,19.0,56.0
13.0,19.0,58.0
13.0,19.0,60.0
13.0,19.0,60.0
13.0,19.0,59.0
13.0,19.0,61.0
12.0,19.0,60.0
12.0,20.0,59.0
13.0,19.0,66.0
12.0,19.0,65.0
12.0,19.0,62.0
12.0,20.0,65.0
12.0,19.0,63.0
12.0,19.0,64.0
13.0,20.0,61.0
13.0,19.0,64.0
12.0,19.0,64.0
12.0,19.0,60.0
12.0,19.0,64.0
12.0,19.0,71.0
13.0,19.0,76.0
13.0,19.0,74.0
12.0,19.0,73.0
12.0,19.0,76.0
13.0,19.0,77.0
13.0,19.0,78.0
14.0,20.0,77.0
15.0,19.0,84.0
14.0,19.0,87.0
14.0,19.0,86.0
14.0,19.0,88.0
14.0,19.0,86.0
14.0,19.0,85.0
13.0,19.0,86.0
13.0,19.0,87.0
13.0,19.0,88.0
13.0,19.0,87.0
13.0,19.0,84.0
13.0,19.0,81.0
13.0,19.0,83.0
13.0,19.0,86.0
13.0,19.0,82.0
14.0,19.0,83.0
14.0,20.0,90.0
15.0,19.0,85.0
15.0,20.0,85.0
16.0,20.0,84.0
16.0,19.0,88.0
16.0,20.0,87.0
18.0,20.0,89.0
18.0,20.0,93.0
18.0,20.0,96.0
18.0,20.0,94.0
19.0,20.0,91.0
20.0,20.0,88.0
20.0,20.0,95.0
26.0,20.0,99.0
26.0,20.0,102.0
27.0,20.0,105.0
36.0,20.0,103.0
35.0,20.0,109.0
35.0,20.0,111.0
35.0,20.0,107.0
37.0,20.0,105.0
47.0,23.0,99.0
53.0,24.0,107.0
49.0,26.0,110.0
46.0,27.0,118.0
45.0,26.0,112.0
53.0,30.0,109.0
52.0,43.0,109.0
57.0,57.0,108.0
66.0,72.0,116.0
78.0,85.0,129.0
76.0,96.0,125.0
102.0,110.0,163.0
129.0,149.0,162.0
186.0,147.0,184.0
187.0,150.0,199.0
214.0,171.0,209.0
227.0,184.0,205.0
237.0,195.0,231.0
243.0,208.0,269.0
236.0,207.0,259.0
236.0,216.0,251.0
248.0,217.0,240.0
228.0,221.0,219.0
224.0,232.0,204.0
211.0,249.0,190.0
206.0,277.0,175.0
200.0,306.0,162.0
193.0,333.0,153.0
197.0,358.0,143.0
184.0,394.0,138.0
196.0,415.0,136.0
212.0,426.0,132.0
210.0,447.0,134.0
227.0,454.0,131.0
221.0,464.0,150.0
261.0,465.0,146.0
256.0,471.0,137.0
235.0,497.0,139.0
255.0,512.0,129.0
237.0,522.0,128.0
228.0,502.0,119.0
236.0,486.0,122.0
222.0,471.0,120.0
218.0,449.0,113.0
207.0,428.0,110.0
198.0,408.0,105.0
195.0,386.0,101.0
189.0,366.0,96.0
179.0,352.0,91.0
164.0,340.0,87.0
152.0,329.0,97.0
140.0,311.0,112.0
127.0,295.0,109.0
116.0,276.0,111.0
111.0,264.0,114.0
102.0,248.0,144.0
95.0,230.0,152.0
101.0,220.0,157.0
106.0,212.0,167.0
101.0,208.0,203.0
99.0,203.0,224.0
135.0,196.0,239.0
143.0,186.0,243.0
177.0,179.0,236.0
179.0,172.0,251.0
210.0,160.0,262.0
236.0,148.0,284.0
238.0,145.0,311.0
245.0,137.0,308.0
230.0,134.0,312.0
241.0,130.0,312.0
263.0,120.0,304.0
273.0,113.0,287.0
307.0,106.0,273.0
278.0,99.0,264.0
278.0,93.0,262.0
276.0,87.0,246.0
271.0,82.0,226.0
268.0,79.0,207.0
271.0,74.0,190.0
275.0,70.0,174.0
279.0,66.0,162.0
283.0,62.0,152.0
286.0,59.0,142.0
286.0,56.0,134.0
282.0,53.0,126.0
275.0,50.0,117.0
268.0,48.0,108.0
258.0,46.0,100.0
249.0,45.0,93.0
239.0,43.0,86.0
229.0,42.0,81.0
218.0,40.0,76.0
206.0,39.0,71.0
193.0,37.0,66.0
180.0,36.0,62.0
168.0,35.0,59.0
155.0,34.0,55.0
143.0,33.0,52.0
132.0,32.0,49.0
122.0,31.0,48.0
113.0,30.0,46.0
105.0,30.0,45.0
97.0,29.0,43.0
91.0,28.0,43.0
85.0,28.0,41.0
79.0,27.0,40.0
74.0,27.0,40.0
70.0,26.0,41.0
65.0,26.0,40.0
61.0,25.0,40.0
58.0,25.0,40.0
54.0,25.0,41.0
51.0,24.0,39.0
48.0,24.0,39.0
46.0,24.0,40.0
43.0,23.0,40.0
41.0,23.0,39.0
39.0,23.0,39.0
37.0,23.0,38.0
35.0,22.0,37.0
33.0,22.0,36.0
32.0,22.0,36.0
31.0,22.0,37.0
29.0,22.0,37.0
28.0,22.0,36.0
27.0,22.0,37.0
26.0,21.0,37.0
25.0,21.0,36.0
24.0,21.0,36.0
23.0,21.0,37.0
22.0,21.0,37.0
22.0,21.0,36.0
21.0,21.0,36.0
20.0,21.0,38.0
20.0,21.0,39.0
19.0,21.0,40.0
19.0,20.0,39.0
18.0,20.0,39.0
18.0,20.0,38.0
17.0,20.0,37.0
17.0,20.0,38.0
17.0,20.0,38.0
16.0,20.0,38.0
16.0,20.0,37.0
16.0,21.0,37.0
16.0,21.0,38.0
15.0,21.0,37.0
15.0,21.0,36.0
15.0,23.0,37.0
15.0,23.0,38.0
15.0,23.0,37.0
15.0,23.0,36.0
15.0,24.0,38.0
14.0,24.0,39.0
14.0,23.0,38.0
14.0,23.0,37.0
14.0,23.0,38.0
14.0,23.0,38.0
14.0,23.0,37.0
14.0,22.0,38.0
13.0,22.0,38.0
13.0,22.0,37.0
13.0,22.0,36.0
13.0,22.0,37.0
13.0,21.0,38.0
13.0,21.0,38.0
13.0,21.0,37.0
13.0,21.0,36.0
13.0,21.0,37.0
13.0,21.0,37.0
13.0,21.0,36.0
12.0,21.0,36.0
13.0,21.0,36.0
12.0,21.0,36.0
12.0,20.0,35.0
12.0,20.0,35.0
12.0,20.0,36.0
12.0,20.0,35.0
12.0,20.0,34.0
12.0,20.0,34.0
12.0,20.0,35.0
12.0,20.0,34.0
12.0,20.0,33.0
12.0,20.0,34.0
12.0,20.0,34.0
12.0,20.0,33.0
12.0,20.0,32.0
12.0,20.0,33.0
12.0,20.0,32.0
12.0,20.0,31.0
12.0,20.0,31.0
12.0,20.0,32.0
12.0,20.0,32.0
12.0,20.0,30.0
12.0,20.0,30.0
12.0,20.0,31.0
12.0,20.0,31.0
12.0,20.0,30.0
12.0,20.0,29.0
12.0,20.0,31.0
12.0,20.0,30.0
12.0,20.0,29.0
12.0,20.0,29.0
12.0,19.0,30.0
12.0,19.0,29.0
12.0,20.0,28.0
12.0,19.0,29.0
12.0,20.0,29.0
12.0,19.0,28.0
12.0,19.0,28.0
12.0,19.0,28.0
12.0,20.0,28.0
12.0,20.0,27.0
12.0,19.0,26.0
12.0,19.0,27.0
12.0,19.0,27.0
12.0,19.0,27.0
12.0,19.0,27.0
12.0,19.0,27.0
12.0,19.0,27.0
12.0,20.0,26.0
12.0,19.0,26.0
12.0,19.0,27.0
12.0,20.0,27.0
12.0,19.0,26.0
12.0,19.0,26.0
12.0,19.0,26.0
12.0,19.0,25.0
12.0,19.0,25.0
12.0,19.0,25.0
12.0,19.0,25.0
12.0,19.0,25.0
12.0,19.0,24.0
12.0,19.0,25.0
12.0,19.0,25.0
12.0,19.0,25.0
13.0,19.0,24.0
13.0,19.0,25.0
14.0,19.0,25.0
13.0,19.0,25.0
13.0,19.0,24.0
14.0,19.0,25.0
13.0,19.0,24.0
13.0,19.0,24.0
13.0,19.0,23.0
13.0,19.0,24.0
13.0,20.0,24.0
13.0,20.0,24.0
13.0,19.0,23.0
13.0,19.0,24.0
13.0,19.0,23.0
13.0,19.0,23.0
13.0,19.0,23.0
13.0,19.0,23.0
13.0,19.0,22.0
13.0,19.0,22.0
13.0,19.0,22.0
13.0,19.0,22.0
13.0,19.0,22.0
12.0,19.0,22.0
12.0,19.0,22.0
12.0,19.0,22.0
12.0,19.0,22.0
12.0,19.0,22.0
12.0,19.0,21.0
12.0,19.0,21.0
12.0,20.0,21.0
12.0,19.0,20.0
12.0,19.0,20.0
12.0,19.0,20.0
12.0,19.0,20.0
12.0,19.0,19.0
12.0,19.0,20.0
12.0,19.0,19.0
12.0,19.0,19.0
12.0,20.0,19.0
12.0,20.0,19.0
12.0,20.0,19.0
12.0,19.0,19.0
12.0,19.0,19.0
12.0,19.0,19.0
12.0,20.0,18.0
12.0,20.0,18.0
12.0,21.0,18.0
12.0,21.0,18.0
12.0,21.0,18.0
12.0,21.0,18.0
12.0,22.0,18.0
12.0,22.0,18.0
12.0,22.0,18.0
12.0,23.0,18.0
12.0,24.0,18.0
12.0,24.0,18.0
12.0,24.0,18.0
12.0,25.0,18.0
12.0,25.0,17.0
12.0,25.0,18.0
12.0,25.0,18.0
12.0,25.0,18.0
12.0,25.0,20.0
12.0,25.0,21.0
12.0,24.0,21.0
12.0,24.0,21.0
12.0,24.0,21.0
12.0,24.0,21.0
12.0,23.0,21.0
12.0,23.0,21.0
12.0,23.0,23.0
12.0,23.0,25.0
12.0,22.0,27.0
12.0,22.0,27.0
12.0,25.0,30.0
12.0,26.0,30.0
12.0,25.0,31.0
12.0,25.0,31.0
13.0,25.0,31.0
12.0,24.0,32.0
15.0,24.0,32.0
15.0,24.0,33.0
14.0,23.0,33.0
14.0,23.0,36.0
14.0,23.0,36.0
14.0,23.0,35.0
14.0,23.0,34.0
14.0,22.0,35.0
14.0,22.0,38.0
14.0,22.0,38.0
17.0,22.0,40.0
21.0,21.0,40.0
20.0,21.0,41.0
21.0,21.0,39.0
21.0,21.0,40.0
25.0,21.0,40.0
28.0,21.0,39.0
28.0,21.0,38.0
28.0,21.0,36.0
29.0,21.0,37.0
36.0,21.0,37.0
37.0,21.0,39.0
40.0,20.0,40.0
39.0,20.0,39.0
40.0,20.0,38.0
43.0,20.0,37.0
49.0,20.0,36.0
47.0,20.0,35.0
49.0,20.0,34.0
51.0,20.0,33.0
52.0,20.0,35.0
52.0,20.0,47.0
51.0,20.0,47.0
52.0,20.0,45.0
53.0,20.0,43.0
63.0,20.0,43.0
61.0,20.0,44.0
61.0,20.0,43.0
72.0,20.0,45.0
72.0,20.0,48.0
68.0,20.0,55.0
64.0,20.0,60.0
62.0,20.0,61.0
60.0,20.0,60.0
59.0,20.0,57.0
63.0,20.0,57.0
68.0,20.0,63.0
71.0,20.0,61.0
70.0,20.0,61.0
69.0,20.0,59.0
71.0,20.0,57.0
91.0,20.0,57.0
96.0,20.0,58.0
92.0,20.0,59.0
95.0,20.0,58.0
96.0,20.0,55.0
92.0,20.0,53.0
86.0,20.0,54.0
82.0,20.0,54.0
81.0,20.0,53.0
80.0,20.0,52.0
87.0,20.0,52.0
94.0,20.0,65.0
89.0,20.0,66.0
85.0,20.0,64.0
86.0,20.0,70.0
90.0,20.0,75.0
90.0,20.0,77.0
90.0,20.0,73.0
85.0,20.0,74.0
80.0,20.0,71.0
78.0,20.0,75.0
76.0,20.0,74.0
85.0,20.0,73.0
88.0,20.0,70.0
85.0,20.0,68.0
83.0,20.0,71.0
86.0,20.0,72.0
81.0,20.0,76.0
87.0,20.0,79.0
87.0,20.0,75.0
93.0,21.0,74.0
93.0,22.0,80.0
89.0,21.0,86.0
86.0,21.0,81.0
87.0,21.0,78.0
82.0,21.0,84.0
80.0,21.0,81.0
78.0,25.0,86.0
86.0,26.0,84.0
85.0,25.0,86.0
89.0,25.0,85.0
88.0,24.0,89.0
87.0,24.0,88.0
90.0,24.0,87.0
89.0,24.0,88.0
87.0,23.0,87.0
82.0,23.0,87.0
81.0,23.0,89.0
75.0,23.0,88.0
71.0,22.0,86.0
79.0,22.0,94.0
84.0,22.0,97.0
84.0,22.0,102.0
79.0,22.0,101.0
80.0,22.0,109.0
77.0,23.0,116.0
95.0,22.0,114.0
91.0,22.0,126.0
85.0,24.0,127.0
96.0,27.0,143.0
106.0,26.0,163.0
105.0,26.0,184.0
97.0,26.0,184.0
102.0,33.0,176.0
119.0,36.0,211.0
129.0,37.0,216.0
155.0,35.0,221.0
163.0,34.0,216.0
168.0,34.0,205.0
184.0,36.0,210.0
265.0,34.0,227.0
291.0,36.0,245.0
294.0,38.0,241.0
280.0,36.0,236.0
258.0,35.0,226.0
239.0,34.0,207.0
220.0,34.0,192.0
201.0,33.0,179.0
193.0,42.0,166.0
185.0,43.0,153.0
171.0,57.0,149.0
174.0,79.0,140.0
166.0,89.0,134.0
156.0,90.0,130.0
143.0,107.0,137.0
133.0,100.0,131.0
127.0,120.0,136.0
138.0,121.0,133.0
144.0,125.0,122.0
141.0,127.0,119.0
145.0,128.0,118.0
134.0,121.0,111.0
127.0,116.0,110.0
123.0,111.0,110.0
147.0,107.0,102.0
157.0,102.0,107.0
151.0,95.0,106.0
156.0,89.0,101.0
145.0,83.0,95.0
139.0,79.0,95.0
134.0,74.0,91.0
125.0,70.0,86.0
130.0,66.0,105.0
132.0,62.0,140.0
122.0,59.0,141.0
116.0,56.0,149.0
124.0,53.0,162.0
131.0,50.0,224.0
126.0,48.0,248.0
121.0,45.0,253.0
128.0,44.0,262.0
139.0,42.0,272.0
130.0,40.0,295.0
157.0,38.0,289.0
173.0,39.0,320.0
182.0,55.0,305.0
193.0,59.0,341.0
213.0,73.0,375.0
230.0,72.0,363.0
250.0,74.0,356.0
269.0,69.0,355.0
267.0,68.0,411.0
274.0,74.0,424.0
273.0,78.0,414.0
269.0,82.0,438.0
286.0,78.0,439.0
287.0,80.0,411.0
330.0,82.0,428.0
335.0,81.0,416.0
337.0,82.0,389.0
325.0,82.0,360.0
298.0,86.0,333.0
273.0,102.0,305.0
252.0,124.0,278.0
238.0,145.0,253.0
244.0,158.0,230.0
252.0,168.0,217.0
259.0,180.0,209.0
257.0,196.0,205.0
249.0,212.0,198.0
238.0,230.0,189.0
224.0,246.0,179.0
210.0,255.0,168.0
195.0,259.0,156.0
180.0,258.0,146.0
167.0,255.0,136.0
156.0,247.0,125.0
144.0,238.0,116.0
132.0,225.0,107.0
121.0,209.0,99.0
111.0,194.0,93.0
102.0,180.0,86.0
94.0,167.0,80.0
88.0,155.0,75.0
81.0,145.0,70.0
75.0,136.0,65.0
70.0,127.0,62.0
65.0,119.0,58.0
61.0,112.0,54.0
57.0,105.0,52.0
53.0,98.0,50.0
50.0,93.0,47.0
47.0,88.0,45.0
45.0,84.0,45.0
42.0,79.0,43.0
40.0,75.0,41.0
38.0,71.0,40.0
36.0,67.0,41.0
34.0,64.0,39.0
33.0,61.0,39.0
31.0,59.0,43.0
30.0,56.0,42.0
29.0,53.0,42.0
27.0,51.0,51.0
26.0,49.0,58.0
25.0,47.0,56.0
25.0,45.0,53.0
23.0,43.0,51.0
23.0,42.0,50.0
22.0,40.0,48.0
21.0,39.0,46.0
21.0,38.0,44.0
20.0,36.0,42.0
20.0,35.0,41.0
19.0,34.0,39.0
18.0,33.0,38.0
18.0,32.0,37.0
18.0,31.0,36.0
17.0,31.0,34.0
17.0,30.0,34.0
17.0,29.0,33.0
16.0,29.0,32.0
16.0,28.0,31.0
16.0,28.0,31.0
16.0,27.0,30.0
15.0,26.0,29.0
15.0,26.0,29.0
15.0,25.0,28.0
15.0,25.0,28.0
15.0,25.0,28.0
15.0,24.0,27.0
14.0,24.0,28.0
14.0,24.0,29.0
14.0,24.0,28.0
14.0,23.0,27.0
14.0,23.0,26.0
14.0,23.0,26.0
14.0,22.0,25.0
14.0,22.0,24.0
14.0,22.0,24.0
14.0,22.0,25.0
14.0,22.0,24.0
13.0,21.0,24.0
13.0,21.0,24.0
13.0,21.0,24.0
13.0,21.0,24.0
13.0,21.0,23.0
13.0,21.0,23.0
13.0,21.0,23.0
13.0,21.0,22.0
13.0,21.0,23.0
13.0,21.0,23.0
13.0,21.0,25.0
13.0,21.0,25.0
13.0,20.0,24.0
13.0,20.0,24.0
13.0,20.0,24.0
13.0,20.0,23.0
13.0,20.0,23.0
13.0,20.0,23.0
13.0,20.0,23.0
13.0,20.0,22.0
13.0,20.0,22.0
13.0,20.0,24.0
13.0,20.0,23.0
13.0,20.0,24.0
13.0,20.0,24.0
13.0,20.0,26.0
13.0,20.0,26.0
13.0,20.0,26.0
13.0,20.0,25.0
13.0,20.0,25.0
13.0,20.0,24.0
12.0,20.0,23.0
12.0,20.0,23.0
12.0,20.0,23.0
12.0,20.0,22.0
12.0,20.0,22.0
12.0,20.0,23.0
12.0,20.0,23.0
12.0,20.0,27.0
12.0,20.0,34.0
12.0,20.0,36.0
12.0,20.0,35.0
12.0,20.0,35.0
12.0,22.0,37.0
12.0,22.0,36.0
12.0,23.0,36.0
12.0,26.0,38.0
12.0,29.0,40.0
12.0,31.0,39.0
12.0,33.0,37.0
12.0,36.0,36.0
12.0,40.0,34.0
12.0,42.0,33.0
12.0,44.0,32.0
12.0,48.0,32.0
12.0,50.0,31.0
12.0,52.0,31.0
12.0,53.0,30.0
12.0,56.0,32.0
12.0,57.0,31.0
12.0,57.0,31.0
12.0,58.0,31.0
12.0,60.0,31.0
12.0,61.0,34.0
12.0,60.0,35.0
12.0,61.0,37.0
12.0,62.0,36.0
12.0,61.0,36.0
12.0,61.0,35.0
12.0,62.0,33.0
12.0,63.0,34.0
12.0,63.0,33.0
12.0,63.0,32.0
12.0,64.0,32.0
12.0,65.0,32.0
12.0,65.0,32.0
12.0,65.0,31.0
12.0,66.0,32.0
12.0,66.0,32.0
12.0,66.0,32.0
12.0,66.0,31.0
12.0,66.0,32.0
12.0,66.0,33.0
12.0,65.0,35.0
12.0,65.0,35.0
12.0,66.0,33.0
12.0,65.0,33.0
12.0,64.0,32.0
12.0,63.0,31.0
12.0,63.0,31.0
12.0,62.0,30.0
12.0,60.0,30.0
12.0,59.0,29.0
12.0,58.0,30.0
12.0,57.0,30.0
12.0,55.0,29.0
12.0,54.0,28.0
12.0,53.0,28.0
12.0,51.0,28.0
12.0,49.0,27.0
12.0,48.0,27.0
12.0,46.0,28.0
12.0,45.0,27.0
12.0,43.0,27.0
12.0,42.0,26.0
12.0,41.0,26.0
12.0,40.0,25.0
12.0,38.0,24.0
12.0,38.0,24.0
12.0,36.0,24.0
12.0,35.0,25.0
12.0,34.0,26.0
12.0,34.0,27.0
12.0,33.0,27.0
12.0,32.0,27.0
12.0,31.0,29.0
12.0,30.0,29.0
12.0,30.0,28.0
12.0,29.0,27.0
12.0,28.0,27.0
12.0,28.0,27.0
12.0,27.0,27.0
12.0,27.0,26.0
12.0,26.0,25.0
12.0,26.0,25.0
12.0,26.0,25.0
12.0,25.0,24.0
12.0,25.0,23.0
12.0,24.0,23.0
12.0,24.0,23.0
12.0,24.0,23.0
12.0,23.0,22.0
12.0,23.0,22.0
12.0,23.0,22.0
12.0,23.0,21.0
12.0,22.0,22.0
12.0,22.0,23.0
12.0,22.0,24.0
12.0,22.0,25.0
12.0,22.0,24.0
12.0,22.0,24.0
12.0,21.0,24.0
12.0,21.0,23.0
12.0,21.0,23.0
12.0,21.0,23.0
12.0,21.0,23.0
12.0,21.0,25.0
12.0,21.0,24.0
12.0,21.0,24.0
12.0,21.0,23.0
12.0,20.0,23.0
12.0,21.0,22.0
12.0,20.0,22.0
12.0,20.0,22.0
12.0,20.0,22.0
12.0,20.0,22.0
12.0,20.0,22.0
12.0,20.0,22.0
12.0,20.0,22.0
12.0,20.0,22.0
12.0,20.0,25.0
12.0,20.0,24.0
12.0,20.0,24.0
12.0,20.0,24.0
12.0,20.0,26.0
12.0,20.0,26.0
12.0,20.0,25.0
12.0,20.0,24.0
13.0,20.0,27.0
13.0,20.0,26.0
13.0,20.0,26.0
13.0,20.0,27.0
13.0,20.0,29.0
13.0,20.0,29.0
13.0,20.0,30.0
13.0,20.0,31.0
13.0,20.0,30.0
13.0,20.0,29.0
13.0,20.0,31.0
14.0,20.0,31.0
15.0,20.0,31.0
14.0,20.0,29.0
15.0,20.0,29.0
16.0,20.0,28.0
17.0,20.0,29.0
17.0,20.0,29.0
17.0,20.0,29.0
19.0,20.0,33.0
20.0,20.0,31.0
21.0,20.0,31.0
21.0,20.0,30.0
22.0,20.0,29.0
24.0,20.0,29.0
25.0,20.0,29.0
26.0,20.0,28.0
27.0,20.0,28.0
28.0,20.0,31.0
30.0,20.0,31.0
31.0,20.0,32.0
32.0,20.0,31.0
38.0,20.0,31.0
37.0,20.0,32.0
38.0,20.0,32.0
41.0,20.0,33.0
40.0,19.0,34.0
41.0,19.0,33.0
45.0,20.0,40.0
51.0,20.0,40.0
52.0,20.0,40.0
50.0,20.0,39.0
54.0,20.0,38.0
60.0,20.0,37.0
59.0,20.0,37.0
59.0,20.0,38.0
61.0,20.0,45.0
61.0,19.0,44.0
62.0,20.0,44.0
63.0,20.0,42.0
67.0,20.0,42.0
70.0,20.0,40.0
75.0,20.0,43.0
76.0,20.0,49.0
78.0,20.0,50.0
78.0,20.0,53.0
81.0,20.0,56.0
86.0,20.0,55.0
89.0,20.0,52.0
91.0,20.0,52.0
97.0,20.0,52.0
100.0,20.0,56.0
116.0,20.0,56.0
113.0,20.0,57.0
114.0,20.0,58.0
123.0,20.0,57.0
127.0,20.0,71.0
127.0,20.0,77.0
139.0,20.0,76.0
143.0,20.0,76.0
147.0,20.0,73.0
152.0,20.0,75.0
154.0,20.0,72.0
156.0,20.0,74.0
159.0,20.0,74.0
162.0,20.0,74.0
165.0,20.0,72.0
166.0,20.0,73.0
168.0,20.0,72.0
180.0,20.0,74.0
198.0,20.0,71.0
190.0,20.0,71.0
190.0,20.0,71.0
189.0,20.0,74.0
189.0,20.0,74.0
188.0,20.0,70.0
189.0,20.0,73.0
191.0,20.0,77.0
191.0,20.0,82.0
191.0,20.0,83.0
193.0,20.0,80.0
191.0,20.0,87.0
189.0,20.0,93.0
188.0,20.0,99.0
187.0,20.0,102.0
190.0,20.0,112.0
197.0,20.0,112.0
194.0,20.0,116.0
189.0,20.0,116.0
183.0,20.0,108.0
180.0,20.0,103.0
178.0,20.0,102.0
164.0,22.0,116.0
175.0,22.0,120.0
179.0,23.0,119.0
165.0,23.0,116.0
153.0,31.0,110.0
162.0,31.0,110.0
180.0,30.0,152.0
170.0,32.0,156.0
159.0,31.0,160.0
160.0,30.0,163.0
172.0,29.0,178.0
159.0,42.0,178.0
153.0,43.0,170.0
169.0,41.0,166.0
202.0,44.0,177.0
191.0,43.0,182.0
186.0,61.0,181.0
197.0,67.0,190.0
199.0,63.0,186.0
210.0,73.0,184.0
308.0,68.0,206.0
326.0,64.0,214.0
311.0,61.0,211.0
291.0,57.0,243.0
270.0,54.0,236.0
253.0,52.0,218.0
232.0,53.0,200.0
220.0,57.0,187.0
205.0,62.0,172.0
194.0,77.0,163.0
189.0,94.0,153.0
190.0,114.0,147.0
195.0,131.0,141.0
197.0,153.0,146.0
210.0,167.0,138.0
200.0,203.0,144.0
205.0,232.0,147.0
198.0,240.0,147.0
190.0,265.0,148.0
179.0,274.0,150.0
171.0,285.0,144.0
169.0,332.0,152.0
163.0,352.0,151.0
164.0,354.0,161.0
159.0,335.0,154.0
162.0,363.0,142.0
150.0,360.0,137.0
156.0,358.0,130.0
149.0,347.0,124.0
182.0,344.0,115.0
221.0,346.0,109.0
217.0,339.0,103.0
199.0,332.0,100.0
190.0,332.0,116.0
184.0,323.0,125.0
179.0,315.0,131.0
193.0,316.0,158.0
182.0,309.0,164.0
180.0,299.0,185.0
181.0,293.0,182.0
173.0,295.0,203.0
185.0,284.0,252.0
182.0,283.0,268.0
201.0,292.0,288.0
188.0,275.0,300.0
179.0,270.0,341.0
193.0,263.0,425.0
187.0,243.0,464.0
242.0,247.0,452.0
298.0,227.0,445.0
287.0,223.0,428.0
273.0,214.0,426.0
260.0,208.0,409.0
284.0,209.0,384.0
286.0,197.0,391.0
271.0,183.0,363.0
262.0,172.0,335.0
255.0,180.0,312.0
235.0,194.0,290.0
218.0,207.0,265.0
197.0,224.0,243.0
179.0,245.0,223.0
163.0,263.0,204.0
152.0,277.0,188.0
144.0,287.0,175.0
135.0,294.0,164.0
124.0,299.0,159.0
113.0,300.0,152.0
103.0,302.0,145.0
94.0,303.0,139.0
87.0,300.0,133.0
80.0,295.0,125.0
75.0,291.0,118.0
70.0,282.0,112.0
66.0,271.0,104.0
65.0,259.0,97.0
66.0,246.0,93.0
65.0,231.0,88.0
65.0,216.0,83.0
67.0,201.0,79.0
68.0,188.0,75.0
69.0,175.0,70.0
71.0,163.0,66.0
73.0,153.0,64.0
75.0,143.0,60.0
77.0,134.0,57.0
80.0,125.0,55.0
83.0,117.0,53.0
85.0,110.0,50.0
89.0,103.0,47.0
92.0,97.0,45.0
94.0,92.0,43.0
96.0,87.0,42.0
99.0,82.0,40.0
102.0,78.0,39.0
104.0,74.0,37.0
107.0,70.0,36.0
110.0,66.0,35.0
112.0,63.0,34.0
115.0,60.0,33.0
118.0,56.0,31.0
121.0,54.0,30.0
123.0,51.0,30.0
126.0,49.0,29.0
129.0,47.0,29.0
128.0,45.0,29.0
127.0,43.0,29.0
132.0,42.0,29.0
135.0,40.0,30.0
137.0,40.0,29.0
139.0,39.0,29.0
142.0,37.0,30.0
143.0,37.0,30.0
144.0,36.0,29.0
146.0,35.0,30.0
147.0,35.0,32.0
148.0,36.0,31.0
149.0,36.0,31.0
150.0,36.0,32.0
151.0,37.0,32.0
151.0,38.0,32.0
153.0,37.0,32.0
153.0,36.0,34.0
154.0,37.0,34.0
155.0,37.0,36.0
156.0,36.0,38.0
155.0,37.0,40.0
154.0,36.0,40.0
154.0,35.0,41.0
153.0,34.0,42.0
151.0,33.0,42.0
149.0,32.0,42.0
148.0,31.0,43.0
146.0,30.0,42.0
144.0,29.0,42.0
142.0,29.0,42.0
141.0,28.0,43.0
138.0,27.0,42.0
137.0,27.0,41.0
138.0,26.0,42.0
135.0,26.0,45.0
133.0,25.0,44.0
132.0,25.0,45.0
131.0,25.0,44.0
129.0,24.0,43.0
128.0,24.0,44.0
127.0,24.0,48.0
125.0,23.0,47.0
124.0,23.0,47.0
123.0,23.0,47.0
122.0,23.0,47.0
120.0,22.0,47.0
119.0,22.0,47.0
119.0,22.0,49.0
117.0,22.0,49.0
116.0,22.0,48.0
115.0,21.0,47.0
114.0,21.0,47.0
113.0,21.0,47.0
112.0,21.0,46.0
112.0,21.0,48.0
110.0,21.0,48.0
109.0,21.0,46.0
108.0,21.0,47.0
107.0,21.0,46.0
105.0,21.0,45.0
103.0,20.0,44.0
102.0,20.0,44.0
99.0,20.0,43.0
97.0,20.0,42.0
95.0,20.0,42.0
94.0,20.0,42.0
91.0,20.0,43.0
89.0,20.0,44.0
88.0,20.0,42.0
87.0,20.0,42.0
84.0,20.0,41.0
83.0,20.0,40.0
82.0,20.0,40.0
81.0,20.0,39.0
79.0,20.0,39.0
78.0,20.0,38.0
77.0,20.0,39.0
77.0,20.0,40.0
76.0,20.0,39.0
75.0,20.0,38.0
75.0,20.0,39.0
75.0,20.0,39.0
74.0,20.0,38.0
74.0,20.0,38.0
74.0,20.0,39.0
74.0,20.0,39.0
72.0,20.0,37.0
71.0,20.0,38.0
71.0,20.0,39.0
70.0,20.0,39.0
69.0,20.0,37.0
68.0,20.0,38.0
68.0,20.0,39.0
66.0,20.0,39.0
65.0,20.0,38.0
65.0,20.0,39.0
64.0,20.0,39.0
62.0,20.0,40.0
61.0,20.0,41.0
60.0,20.0,40.0
59.0,20.0,40.0
56.0,20.0,39.0
55.0,20.0,39.0
54.0,20.0,40.0
53.0,19.0,39.0
52.0,20.0,41.0
51.0,20.0,41.0
50.0,20.0,40.0
49.0,20.0,40.0
47.0,19.0,38.0
46.0,20.0,38.0
46.0,20.0,38.0
44.0,20.0,37.0
43.0,20.0,36.0
43.0,20.0,36.0
42.0,20.0,37.0
41.0,20.0,36.0
39.0,20.0,35.0
39.0,20.0,34.0
39.0,20.0,35.0
38.0,20.0,34.0
37.0,20.0,33.0
37.0,20.0,33.0
37.0,20.0,33.0
36.0,20.0,33.0
37.0,20.0,32.0
37.0,20.0,33.0
37.0,19.0,32.0
37.0,20.0,31.0
37.0,20.0,31.0
37.0,19.0,31.0
36.0,20.0,32.0
35.0,20.0,31.0
35.0,20.0,31.0
35.0,20.0,34.0
35.0,20.0,35.0
33.0,20.0,34.0
33.0,20.0,33.0
33.0,20.0,32.0
32.0,19.0,32.0
31.0,20.0,31.0
30.0,20.0,31.0
30.0,20.0,32.0
29.0,20.0,32.0
28.0,20.0,31.0
28.0,20.0,32.0
28.0,19.0,33.0
27.0,19.0,32.0
26.0,20.0,31.0
26.0,20.0,31.0
25.0,19.0,32.0
25.0,20.0,31.0
24.0,20.0,31.0
24.0,19.0,32.0
23.0,20.0,34.0
23.0,19.0,35.0
22.0,20.0,34.0
23.0,19.0,34.0
22.0,20.0,34.0
21.0,20.0,33.0
21.0,20.0,32.0
21.0,20.0,31.0
20.0,20.0,32.0
20.0,20.0,33.0
20.0,20.0,34.0
20.0,19.0,33.0
19.0,20.0,39.0
19.0,20.0,38.0
19.0,20.0,37.0
19.0,20.0,37.0
18.0,20.0,37.0
18.0,20.0,36.0
18.0,20.0,36.0
18.0,20.0,36.0
17.0,20.0,35.0
17.0,20.0,36.0
18.0,20.0,39.0
18.0,20.0,39.0
18.0,20.0,38.0
18.0,20.0,36.0
20.0,20.0,37.0
24.0,20.0,38.0
24.0,22.0,37.0
30.0,22.0,41.0
29.0,22.0,40.0
28.0,21.0,39.0
28.0,21.0,41.0
27.0,21.0,39.0
32.0,21.0,40.0
35.0,22.0,38.0
34.0,23.0,37.0
33.0,23.0,37.0
34.0,23.0,37.0
35.0,24.0,36.0
35.0,24.0,36.0
36.0,24.0,38.0
38.0,24.0,40.0
37.0,24.0,42.0
47.0,24.0,43.0
55.0,23.0,43.0
56.0,23.0,44.0
53.0,23.0,57.0
52.0,23.0,55.0
51.0,23.0,52.0
55.0,23.0,54.0
58.0,23.0,63.0
57.0,23.0,77.0
56.0,25.0,82.0
56.0,24.0,78.0
57.0,24.0,76.0
59.0,24.0,87.0
59.0,24.0,88.0
71.0,24.0,88.0
69.0,25.0,89.0
68.0,26.0,87.0
84.0,27.0,88.0
78.0,31.0,87.0
74.0,32.0,84.0
72.0,32.0,80.0
73.0,34.0,83.0
72.0,34.0,94.0
72.0,33.0,92.0
81.0,32.0,90.0
76.0,35.0,91.0
74.0,36.0,92.0
76.0,36.0,91.0
75.0,37.0,116.0
71.0,38.0,118.0
70.0,40.0,115.0
71.0,40.0,113.0
69.0,40.0,117.0
66.0,42.0,113.0
63.0,42.0,107.0
64.0,43.0,101.0
61.0,44.0,95.0
58.0,43.0,89.0
55.0,44.0,84.0
63.0,43.0,82.0
59.0,44.0,82.0
55.0,42.0,87.0
58.0,42.0,98.0
61.0,45.0,97.0
59.0,48.0,96.0
56.0,56.0,94.0
53.0,54.0,92.0
56.0,52.0,92.0
52.0,51.0,95.0
51.0,52.0,93.0
48.0,51.0,92.0
48.0,49.0,90.0
45.0,48.0,93.0
46.0,46.0,92.0
49.0,44.0,97.0
47.0,43.0,100.0
47.0,42.0,93.0
58.0,42.0,88.0
61.0,50.0,85.0
58.0,48.0,87.0
61.0,49.0,87.0
59.0,47.0,83.0
61.0,45.0,90.0
61.0,44.0,91.0
62.0,44.0,87.0
66.0,44.0,87.0
63.0,43.0,87.0
68.0,42.0,89.0
67.0,41.0,86.0
70.0,40.0,83.0
78.0,39.0,82.0
74.0,39.0,81.0
69.0,38.0,79.0
65.0,38.0,78.0
64.0,37.0,78.0
60.0,36.0,77.0
64.0,35.0,74.0
68.0,34.0,75.0
64.0,33.0,79.0
62.0,32.0,81.0
59.0,31.0,77.0
56.0,31.0,75.0
53.0,30.0,78.0
50.0,29.0,74.0
47.0,28.0,71.0
48.0,28.0,73.0
45.0,27.0,75.0
47.0,27.0,74.0
48.0,27.0,79.0
47.0,26.0,81.0
51.0,26.0,83.0
47.0,25.0,84.0
48.0,25.0,87.0
51.0,25.0,91.0
49.0,24.0,92.0
51.0,24.0,95.0
49.0,24.0,98.0
52.0,24.0,110.0
53.0,25.0,112.0
52.0,27.0,107.0
62.0,29.0,108.0
63.0,42.0,107.0
63.0,43.0,123.0
79.0,55.0,127.0
102.0,72.0,151.0
122.0,77.0,186.0
149.0,109.0,206.0
153.0,103.0,239.0
166.0,124.0,245.0
261.0,139.0,245.0
248.0,129.0,253.0
239.0,133.0,253.0
238.0,133.0,240.0
239.0,134.0,228.0
226.0,132.0,209.0
211.0,147.0,195.0
194.0,169.0,184.0
181.0,188.0,175.0
169.0,212.0,163.0
161.0,236.0,156.0
159.0,251.0,155.0
165.0,265.0,151.0
176.0,287.0,156.0
177.0,288.0,164.0
172.0,312.0,171.0
177.0,316.0,178.0
175.0,318.0,179.0
176.0,329.0,166.0
179.0,361.0,172.0
177.0,380.0,166.0
169.0,388.0,163.0
157.0,387.0,160.0
166.0,387.0,147.0
151.0,378.0,143.0
140.0,368.0,133.0
131.0,354.0,123.0
121.0,333.0,113.0
146.0,324.0,112.0
152.0,308.0,114.0
148.0,292.0,106.0
137.0,273.0,102.0
127.0,259.0,101.0
117.0,246.0,104.0
112.0,238.0,113.0
106.0,219.0,119.0
105.0,203.0,124.0
108.0,189.0,123.0
109.0,175.0,139.0
127.0,165.0,180.0
121.0,152.0,194.0
122.0,141.0,183.0
147.0,134.0,173.0
138.0,134.0,177.0
137.0,126.0,233.0
166.0,119.0,274.0
191.0,110.0,262.0
178.0,110.0,257.0
196.0,110.0,268.0
227.0,103.0,267.0
266.0,99.0,273.0
271.0,97.0,310.0
269.0,100.0,314.0
297.0,103.0,294.0
306.0,104.0,288.0
309.0,115.0,296.0
297.0,107.0,292.0
337.0,116.0,272.0
322.0,108.0,258.0
304.0,117.0,242.0
324.0,152.0,226.0
307.0,171.0,206.0
278.0,209.0,189.0
252.0,260.0,176.0
229.0,309.0,166.0
214.0,353.0,156.0
196.0,399.0,156.0
178.0,444.0,159.0
162.0,489.0,161.0
147.0,532.0,163.0
134.0,568.0,161.0
124.0,605.0,157.0
116.0,638.0,152.0
106.0,664.0,144.0
98.0,686.0,138.0
92.0,703.0,134.0
85.0,715.0,129.0
81.0,725.0,123.0
77.0,734.0,117.0
74.0,740.0,111.0
70.0,743.0,104.0
69.0,744.0,98.0
68.0,742.0,93.0
66.0,734.0,86.0
64.0,725.0,80.0
64.0,714.0,75.0
64.0,699.0,70.0
63.0,681.0,66.0
63.0,662.0,63.0
63.0,640.0,60.0
62.0,615.0,59.0
62.0,587.0,59.0
63.0,559.0,57.0
64.0,527.0,57.0
63.0,493.0,59.0
64.0,460.0,60.0
66.0,427.0,61.0
66.0,397.0,63.0
67.0,368.0,65.0
67.0,342.0,66.0
67.0,318.0,68.0
66.0,296.0,71.0
65.0,275.0,72.0
64.0,256.0,73.0
63.0,238.0,75.0
61.0,222.0,77.0
62.0,208.0,77.0
61.0,197.0,77.0
61.0,188.0,79.0
61.0,180.0,80.0
62.0,173.0,79.0
61.0,169.0,80.0
61.0,164.0,81.0
62.0,160.0,81.0
62.0,158.0,80.0
62.0,157.0,82.0
62.0,155.0,82.0
63.0,154.0,81.0
62.0,156.0,82.0
63.0,157.0,82.0
64.0,159.0,82.0
64.0,163.0,81.0
64.0,167.0,82.0
65.0,171.0,82.0
65.0,175.0,81.0
65.0,181.0,81.0
65.0,185.0,81.0
66.0,188.0,79.0
65.0,193.0,78.0
65.0,198.0,78.0
65.0,201.0,76.0
65.0,204.0,74.0
64.0,209.0,73.0
63.0,211.0,74.0
63.0,212.0,72.0
63.0,213.0,73.0
62.0,214.0,73.0
61.0,214.0,73.0
61.0,213.0,70.0
59.0,212.0,67.0
58.0,210.0,66.0
59.0,207.0,64.0
58.0,204.0,65.0
57.0,202.0,63.0
56.0,198.0,62.0
56.0,195.0,60.0
55.0,195.0,60.0
55.0,191.0,58.0
55.0,189.0,55.0
55.0,187.0,53.0
54.0,184.0,52.0
55.0,176.0,51.0
55.0,174.0,48.0
55.0,170.0,46.0
55.0,169.0,45.0
57.0,160.0,43.0
57.0,156.0,41.0
56.0,149.0,41.0
56.0,149.0,43.0
57.0,150.0,42.0
56.0,148.0,40.0
56.0,141.0,40.0
57.0,133.0,39.0
57.0,128.0,38.0
57.0,125.0,37.0
57.0,122.0,37.0
58.0,123.0,35.0
58.0,118.0,35.0
59.0,116.0,33.0
60.0,111.0,34.0
61.0,107.0,34.0
60.0,108.0,35.0
62.0,103.0,34.0
63.0,101.0,35.0
64.0,98.0,37.0
65.0,93.0,36.0
66.0,89.0,35.0
67.0,86.0,34.0
67.0,85.0,32.0
68.0,82.0,31.0
70.0,80.0,33.0
71.0,76.0,34.0
70.0,75.0,33.0
71.0,73.0,33.0
72.0,70.0,33.0
72.0,68.0,33.0
72.0,66.0,32.0
73.0,63.0,31.0
74.0,61.0,34.0
75.0,60.0,34.0
75.0,60.0,35.0
76.0,58.0,38.0
77.0,56.0,39.0
77.0,56.0,38.0
77.0,55.0,37.0
78.0,54.0,36.0
79.0,52.0,35.0
79.0,53.0,37.0
79.0,53.0,37.0
80.0,53.0,38.0
80.0,53.0,39.0
80.0,54.0,38.0
80.0,54.0,38.0
80.0,54.0,39.0
80.0,55.0,43.0
79.0,57.0,41.0
78.0,57.0,40.0
78.0,58.0,41.0
78.0,59.0,41.0
77.0,61.0,40.0
76.0,61.0,39.0
76.0,61.0,42.0
75.0,62.0,43.0
73.0,64.0,41.0
73.0,63.0,41.0
74.0,63.0,41.0
72.0,65.0,42.0
70.0,66.0,40.0
70.0,67.0,41.0
69.0,71.0,40.0
67.0,74.0,38.0
65.0,74.0,37.0
64.0,74.0,39.0
64.0,70.0,40.0
62.0,70.0,40.0
61.0,69.0,42.0
60.0,68.0,41.0
59.0,64.0,40.0
57.0,65.0,38.0
56.0,66.0,39.0
56.0,63.0,43.0
54.0,62.0,43.0
52.0,63.0,41.0
51.0,62.0,41.0
51.0,60.0,45.0
49.0,61.0,45.0
48.0,59.0,46.0
48.0,57.0,47.0
47.0,56.0,49.0
47.0,55.0,48.0
45.0,56.0,49.0
45.0,57.0,52.0
51.0,55.0,53.0
49.0,54.0,52.0
47.0,53.0,50.0
45.0,52.0,48.0
44.0,51.0,47.0
43.0,51.0,47.0
41.0,51.0,46.0
41.0,50.0,46.0
41.0,50.0,47.0
39.0,50.0,46.0
39.0,50.0,46.0
38.0,48.0,47.0
38.0,48.0,47.0
37.0,49.0,46.0
37.0,48.0,45.0
38.0,47.0,46.0
38.0,47.0,46.0
37.0,47.0,45.0
38.0,46.0,45.0
38.0,44.0,46.0
38.0,44.0,44.0
38.0,44.0,43.0
38.0,43.0,41.0
39.0,43.0,43.0
38.0,43.0,42.0
38.0,43.0,41.0
39.0,42.0,40.0
40.0,41.0,41.0
39.0,42.0,40.0
39.0,41.0,38.0
40.0,40.0,38.0
41.0,39.0,37.0
40.0,40.0,35.0
39.0,40.0,35.0
39.0,39.0,35.0
38.0,38.0,35.0
37.0,39.0,34.0
37.0,38.0,35.0
37.0,37.0,35.0
36.0,38.0,42.0
34.0,39.0,41.0
33.0,38.0,40.0
32.0,38.0,38.0
31.0,39.0,37.0
29.0,40.0,35.0
29.0,39.0,34.0
29.0,38.0,34.0
28.0,39.0,33.0
27.0,40.0,32.0
27.0,39.0,31.0
26.0,39.0,30.0
25.0,40.0,29.0
24.0,40.0,29.0
23.0,39.0,29.0
23.0,38.0,32.0
22.0,40.0,31.0
22.0,41.0,30.0
21.0,40.0,30.0
21.0,40.0,29.0
25.0,42.0,29.0
24.0,43.0,31.0
24.0,41.0,33.0
25.0,40.0,33.0
26.0,40.0,34.0
26.0,44.0,34.0
29.0,42.0,35.0
28.0,45.0,36.0
27.0,48.0,37.0
44.0,46.0,38.0
50.0,46.0,39.0
51.0,47.0,43.0
49.0,52.0,46.0
46.0,51.0,46.0
43.0,51.0,44.0
41.0,52.0,42.0
40.0,52.0,42.0
40.0,51.0,50.0
39.0,50.0,50.0
42.0,51.0,49.0
41.0,50.0,50.0
41.0,48.0,48.0
42.0,47.0,54.0
45.0,47.0,62.0
44.0,48.0,60.0
44.0,47.0,59.0
43.0,48.0,58.0
43.0,49.0,60.0
43.0,49.0,58.0
43.0,48.0,58.0
43.0,49.0,57.0
41.0,51.0,56.0
41.0,52.0,54.0
42.0,50.0,58.0
42.0,51.0,57.0
45.0,53.0,57.0
45.0,55.0,55.0
46.0,55.0,56.0
44.0,55.0,56.0
43.0,56.0,53.0
43.0,56.0,52.0
43.0,56.0,50.0
43.0,58.0,52.0
44.0,61.0,53.0
43.0,60.0,53.0
46.0,58.0,59.0
48.0,59.0,59.0
49.0,60.0,57.0
49.0,61.0,59.0
48.0,65.0,62.0
48.0,69.0,62.0
60.0,71.0,60.0
61.0,70.0,57.0
66.0,68.0,59.0
63.0,66.0,59.0
85.0,65.0,56.0
88.0,64.0,53.0
82.0,68.0,62.0
91.0,68.0,67.0
102.0,65.0,67.0
95.0,64.0,67.0
98.0,66.0,88.0
109.0,67.0,98.0
145.0,69.0,97.0
155.0,68.0,108.0
146.0,72.0,118.0
138.0,77.0,119.0
134.0,78.0,134.0
127.0,84.0,127.0
138.0,89.0,120.0
149.0,91.0,114.0
148.0,97.0,123.0
144.0,102.0,129.0
134.0,108.0,131.0
129.0,110.0,130.0
125.0,114.0,146.0
114.0,115.0,150.0
104.0,118.0,149.0
99.0,115.0,147.0
101.0,112.0,140.0
102.0,114.0,143.0
98.0,115.0,138.0
96.0,112.0,131.0
91.0,111.0,128.0
92.0,113.0,122.0
87.0,107.0,118.0
97.0,100.0,130.0
93.0,94.0,127.0
97.0,92.0,120.0
124.0,87.0,118.0
144.0,81.0,125.0
139.0,76.0,123.0
149.0,72.0,124.0
147.0,67.0,127.0
155.0,64.0,130.0
153.0,60.0,136.0
150.0,57.0,128.0
147.0,54.0,130.0
146.0,53.0,152.0
137.0,52.0,173.0
153.0,50.0,170.0
154.0,48.0,164.0
165.0,46.0,161.0
179.0,48.0,184.0
191.0,48.0,184.0
184.0,47.0,197.0
186.0,44.0,212.0
198.0,45.0,226.0
242.0,65.0,219.0
265.0,79.0,239.0
266.0,74.0,238.0
268.0,75.0,219.0
261.0,71.0,201.0
245.0,77.0,185.0
224.0,78.0,173.0
204.0,98.0,169.0
189.0,121.0,161.0
171.0,145.0,156.0
156.0,166.0,154.0
150.0,190.0,152.0
140.0,219.0,142.0
137.0,250.0,146.0
171.0,273.0,159.0
164.0,307.0,165.0
161.0,343.0,172.0
162.0,369.0,181.0
167.0,403.0,186.0
159.0,438.0,199.0
153.0,462.0,194.0
165.0,474.0,182.0
157.0,499.0,179.0
157.0,520.0,171.0
171.0,522.0,162.0
192.0,524.0,157.0
190.0,519.0,144.0
201.0,503.0,133.0
187.0,488.0,125.0
170.0,470.0,114.0
188.0,443.0,113.0
191.0,418.0,150.0
173.0,390.0,146.0
177.0,361.0,139.0
168.0,336.0,142.0
165.0,310.0,174.0
167.0,287.0,187.0
158.0,264.0,193.0
147.0,242.0,190.0
140.0,225.0,186.0
148.0,211.0,200.0
140.0,202.0,220.0
136.0,194.0,246.0
140.0,179.0,252.0
139.0,176.0,275.0
133.0,175.0,317.0
136.0,162.0,311.0
129.0,153.0,308.0
133.0,146.0,346.0
229.0,141.0,379.0
257.0,139.0,395.0
250.0,129.0,389.0
237.0,120.0,411.0
231.0,124.0,387.0
254.0,118.0,400.0
266.0,115.0,371.0
268.0,110.0,340.0
244.0,104.0,337.0
226.0,127.0,327.0
217.0,152.0,348.0
202.0,194.0,320.0
224.0,239.0,304.0
212.0,277.0,280.0
207.0,310.0,255.0
202.0,338.0,233.0
200.0,368.0,217.0
196.0,398.0,211.0
190.0,427.0,207.0
181.0,459.0,202.0
168.0,493.0,197.0
156.0,525.0,188.0
142.0,553.0,180.0
129.0,575.0,173.0
118.0,591.0,165.0
108.0,604.0,157.0
98.0,614.0,148.0
90.0,617.0,139.0
83.0,617.0,135.0
77.0,614.0,128.0
71.0,605.0,121.0
66.0,592.0,113.0
61.0,575.0,107.0
57.0,553.0,98.0
53.0,530.0,93.0
50.0,505.0,86.0
47.0,479.0,81.0
44.0,450.0,76.0
42.0,422.0,73.0
41.0,395.0,69.0
41.0,367.0,69.0
40.0,341.0,68.0
40.0,317.0,69.0
41.0,295.0,68.0
41.0,274.0,65.0
42.0,255.0,64.0
45.0,238.0,71.0
45.0,221.0,76.0
47.0,207.0,75.0
50.0,193.0,74.0
52.0,180.0,69.0
54.0,168.0,67.0
57.0,157.0,65.0
60.0,147.0,63.0
62.0,138.0,62.0
64.0,129.0,64.0
66.0,122.0,62.0
69.0,116.0,61.0
71.0,113.0,62.0
74.0,110.0,62.0
77.0,107.0,61.0
79.0,106.0,61.0
81.0,107.0,61.0
84.0,107.0,62.0
87.0,107.0,59.0
88.0,110.0,62.0
91.0,111.0,63.0
93.0,113.0,64.0
94.0,116.0,65.0
96.0,120.0,68.0
98.0,122.0,67.0
100.0,125.0,63.0
100.0,129.0,66.0
101.0,132.0,67.0
104.0,135.0,67.0
104.0,140.0,65.0
105.0,143.0,67.0
107.0,146.0,67.0
107.0,149.0,68.0
108.0,153.0,68.0
109.0,154.0,67.0
109.0,156.0,66.0
109.0,158.0,67.0
110.0,158.0,66.0
110.0,158.0,63.0
110.0,159.0,66.0
110.0,158.0,66.0
111.0,157.0,63.0
111.0,158.0,64.0
112.0,156.0,65.0
113.0,155.0,64.0
113.0,156.0,66.0
114.0,155.0,65.0
116.0,154.0,62.0
116.0,153.0,67.0
116.0,153.0,69.0
117.0,151.0,68.0
117.0,150.0,65.0
117.0,149.0,69.0
118.0,147.0,69.0
118.0,146.0,68.0
118.0,145.0,68.0
118.0,143.0,69.0
118.0,141.0,67.0
118.0,142.0,66.0
118.0,141.0,66.0
119.0,139.0,63.0
119.0,139.0,61.0
118.0,139.0,66.0
119.0,137.0,67.0
119.0,137.0,65.0
118.0,137.0,67.0
120.0,135.0,64.0
119.0,135.0,62.0
119.0,136.0,60.0
119.0,135.0,65.0
119.0,135.0,64.0
118.0,137.0,63.0
118.0,136.0,62.0
118.0,134.0,61.0
117.0,135.0,60.0
117.0,135.0,59.0
117.0,133.0,58.0
117.0,134.0,56.0
117.0,134.0,54.0
116.0,134.0,55.0
116.0,135.0,54.0
115.0,135.0,55.0
115.0,134.0,53.0
114.0,133.0,54.0
113.0,134.0,51.0
113.0,132.0,51.0
112.0,132.0,48.0
110.0,133.0,47.0
110.0,133.0,45.0
110.0,132.0,43.0
109.0,133.0,43.0
109.0,133.0,45.0
110.0,133.0,44.0
108.0,134.0,46.0
107.0,135.0,45.0
108.0,135.0,43.0
107.0,137.0,42.0
107.0,139.0,42.0
107.0,139.0,41.0
106.0,141.0,39.0
105.0,144.0,39.0
106.0,145.0,38.0
107.0,146.0,37.0
106.0,148.0,38.0
105.0,150.0,38.0
106.0,151.0,36.0
105.0,153.0,37.0
105.0,153.0,37.0
105.0,153.0,36.0
105.0,155.0,35.0
104.0,157.0,34.0
105.0,158.0,36.0
104.0,160.0,35.0
103.0,162.0,35.0
103.0,162.0,34.0
103.0,163.0,32.0
102.0,165.0,33.0
102.0,165.0,33.0
103.0,165.0,33.0
102.0,167.0,34.0
102.0,165.0,36.0
102.0,164.0,37.0
101.0,164.0,36.0
100.0,163.0,36.0
99.0,160.0,35.0
99.0,159.0,33.0
98.0,158.0,32.0
98.0,155.0,32.0
99.0,152.0,32.0
98.0,150.0,31.0
98.0,147.0,30.0
99.0,143.0,29.0
100.0,140.0,34.0
98.0,137.0,33.0
99.0,133.0,32.0
100.0,128.0,37.0
99.0,125.0,44.0
100.0,121.0,43.0
100.0,115.0,42.0
99.0,112.0,40.0
98.0,107.0,38.0
99.0,102.0,37.0
100.0,99.0,35.0
99.0,96.0,34.0
99.0,92.0,33.0
100.0,89.0,32.0
99.0,86.0,31.0
99.0,83.0,30.0
99.0,79.0,29.0
99.0,75.0,28.0
98.0,72.0,27.0
97.0,69.0,26.0
97.0,66.0,26.0
97.0,63.0,25.0
96.0,60.0,29.0
95.0,58.0,30.0
95.0,55.0,29.0
95.0,52.0,28.0
94.0,50.0,28.0
94.0,48.0,30.0
94.0,46.0,32.0
94.0,45.0,31.0
94.0,43.0,31.0
94.0,41.0,30.0
95.0,40.0,29.0
95.0,39.0,28.0
95.0,37.0,29.0
95.0,36.0,29.0
96.0,35.0,28.0
95.0,34.0,28.0
95.0,33.0,28.0
96.0,32.0,29.0
96.0,31.0,28.0
96.0,30.0,29.0
95.0,30.0,29.0
95.0,29.0,28.0
95.0,28.0,28.0
94.0,28.0,28.0
93.0,27.0,29.0
94.0,27.0,29.0
94.0,26.0,29.0
93.0,26.0,31.0
93.0,25.0,32.0
94.0,25.0,32.0
94.0,25.0,33.0
93.0,24.0,35.0
93.0,24.0,34.0
94.0,24.0,35.0
94.0,24.0,37.0
94.0,23.0,39.0
95.0,23.0,40.0
96.0,23.0,40.0
96.0,23.0,41.0
95.0,22.0,43.0
96.0,22.0,44.0
97.0,22.0,44.0
96.0,22.0,46.0
97.0,22.0,48.0
97.0,22.0,49.0
98.0,21.0,50.0
98.0,21.0,52.0
98.0,21.0,55.0
98.0,21.0,55.0
98.0,21.0,56.0
98.0,21.0,58.0
99.0,21.0,56.0
99.0,21.0,60.0
100.0,21.0,63.0
99.0,21.0,69.0
99.0,21.0,69.0
99.0,21.0,69.0
99.0,20.0,71.0
98.0,20.0,73.0
98.0,20.0,74.0
99.0,20.0,74.0
99.0,20.0,75.0
99.0,20.0,75.0
100.0,20.0,76.0
100.0,20.0,76.0
100.0,20.0,77.0
100.0,20.0,78.0
101.0,20.0,79.0
101.0,20.0,78.0
101.0,20.0,79.0
102.0,20.0,80.0
104.0,20.0,78.0
104.0,20.0,79.0
105.0,20.0,80.0
106.0,20.0,79.0
107.0,20.0,79.0
106.0,20.0,80.0
107.0,20.0,79.0
109.0,20.0,79.0
110.0,20.0,78.0
110.0,20.0,78.0
111.0,20.0,76.0
111.0,20.0,78.0
110.0,20.0,79.0
111.0,20.0,79.0
112.0,20.0,78.0
112.0,20.0,77.0
113.0,20.0,77.0
114.0,20.0,76.0
115.0,20.0,74.0
115.0,20.0,73.0
115.0,20.0,73.0
116.0,20.0,71.0
115.0,20.0,71.0
115.0,20.0,71.0
116.0,20.0,69.0
115.0,20.0,67.0
115.0,20.0,67.0
115.0,19.0,66.0
116.0,20.0,64.0
115.0,20.0,63.0
114.0,20.0,62.0
115.0,20.0,62.0
115.0,20.0,63.0
115.0,19.0,63.0
115.0,20.0,64.0
116.0,20.0,63.0
115.0,20.0,62.0
115.0,20.0,62.0
116.0,20.0,60.0
116.0,19.0,58.0
115.0,20.0,59.0
115.0,20.0,58.0
115.0,20.0,56.0
115.0,20.0,56.0
114.0,20.0,55.0
114.0,20.0,55.0
114.0,20.0,55.0
112.0,20.0,56.0
112.0,20.0,56.0
112.0,19.0,54.0
110.0,20.0,54.0
109.0,20.0,53.0
108.0,19.0,51.0
108.0,19.0,51.0
107.0,20.0,52.0
106.0,20.0,51.0
106.0,20.0,50.0
105.0,20.0,49.0
104.0,20.0,51.0
104.0,20.0,49.0
103.0,20.0,49.0
103.0,19.0,49.0
103.0,20.0,50.0
103.0,19.0,50.0
103.0,20.0,50.0
103.0,20.0,51.0
104.0,19.0,49.0
104.0,19.0,47.0
103.0,20.0,48.0
103.0,20.0,48.0
103.0,20.0,46.0
102.0,20.0,46.0
101.0,20.0,47.0
101.0,19.0,45.0
101.0,19.0,45.0
100.0,19.0,46.0
100.0,19.0,46.0
101.0,20.0,45.0
100.0,19.0,46.0
99.0,20.0,45.0
100.0,20.0,44.0
100.0,20.0,43.0
99.0,20.0,43.0
99.0,20.0,42.0
100.0,20.0,43.0
99.0,19.0,42.0
99.0,20.0,43.0
99.0,20.0,41.0
99.0,20.0,40.0
98.0,20.0,41.0
98.0,20.0,40.0
98.0,20.0,40.0
98.0,20.0,38.0
98.0,20.0,37.0
98.0,20.0,38.0
98.0,20.0,36.0
99.0,19.0,35.0
98.0,19.0,36.0
98.0,19.0,35.0
99.0,20.0,35.0
99.0,20.0,33.0
98.0,19.0,32.0
98.0,20.0,32.0
99.0,20.0,31.0
98.0,20.0,31.0
97.0,20.0,30.0
99.0,20.0,29.0
100.0,20.0,28.0
99.0,20.0,29.0
99.0,20.0,34.0
98.0,20.0,41.0
105.0,20.0,42.0
104.0,20.0,41.0
107.0,20.0,44.0
108.0,20.0,46.0
108.0,20.0,53.0
112.0,20.0,56.0
109.0,20.0,56.0
109.0,20.0,63.0
106.0,22.0,68.0
114.0,22.0,68.0
112.0,22.0,64.0
106.0,22.0,72.0
113.0,21.0,69.0
140.0,21.0,65.0
131.0,21.0,69.0
127.0,21.0,72.0
120.0,21.0,71.0
115.0,21.0,76.0
115.0,21.0,87.0
117.0,21.0,85.0
120.0,21.0,90.0
119.0,21.0,87.0
112.0,21.0,94.0
119.0,20.0,93.0
122.0,21.0,96.0
118.0,20.0,104.0
111.0,20.0,110.0
111.0,20.0,105.0
115.0,20.0,112.0
112.0,20.0,109.0
113.0,20.0,117.0
106.0,20.0,114.0
99.0,20.0,119.0
93.0,20.0,132.0
94.0,20.0,153.0
89.0,20.0,160.0
94.0,22.0,167.0
93.0,24.0,206.0
90.0,25.0,205.0
99.0,32.0,225.0
113.0,31.0,227.0
139.0,42.0,241.0
138.0,42.0,247.0
154.0,60.0,259.0
213.0,88.0,264.0
216.0,88.0,280.0
213.0,86.0,305.0
222.0,106.0,357.0
233.0,101.0,376.0
279.0,105.0,364.0
277.0,102.0,360.0
257.0,107.0,329.0
237.0,127.0,300.0
218.0,157.0,278.0
201.0,190.0,260.0
190.0,218.0,246.0
190.0,245.0,241.0
192.0,276.0,240.0
181.0,307.0,243.0
166.0,324.0,244.0
158.0,365.0,241.0
163.0,381.0,246.0
164.0,426.0,243.0
165.0,466.0,232.0
157.0,489.0,220.0
154.0,484.0,218.0
156.0,502.0,209.0
147.0,495.0,201.0
161.0,504.0,201.0
175.0,477.0,193.0
214.0,463.0,181.0
221.0,446.0,172.0
212.0,426.0,163.0
211.0,405.0,152.0
195.0,390.0,141.0
254.0,378.0,132.0
283.0,358.0,130.0
291.0,345.0,122.0
272.0,329.0,114.0
247.0,315.0,106.0
232.0,307.0,100.0
236.0,298.0,147.0
218.0,285.0,167.0
197.0,273.0,204.0
179.0,260.0,196.0
165.0,250.0,188.0
161.0,251.0,186.0
156.0,257.0,193.0
147.0,237.0,208.0
145.0,245.0,210.0
138.0,249.0,245.0
134.0,229.0,280.0
161.0,228.0,287.0
177.0,213.0,294.0
194.0,198.0,305.0
257.0,204.0,295.0
270.0,192.0,302.0
258.0,186.0,290.0
266.0,171.0,297.0
257.0,158.0,282.0
281.0,147.0,266.0
284.0,137.0,284.0
264.0,135.0,302.0
244.0,126.0,299.0
223.0,116.0,279.0
210.0,108.0,270.0
209.0,102.0,252.0
224.0,96.0,234.0
229.0,90.0,222.0
214.0,84.0,216.0
200.0,83.0,202.0
195.0,78.0,197.0
187.0,74.0,192.0
184.0,70.0,181.0
188.0,80.0,174.0
251.0,88.0,200.0
264.0,93.0,198.0
279.0,95.0,191.0
317.0,91.0,230.0
307.0,94.0,235.0
328.0,93.0,221.0
318.0,87.0,245.0
325.0,82.0,244.0
304.0,77.0,223.0
282.0,72.0,213.0
272.0,68.0,199.0
268.0,64.0,188.0
265.0,61.0,179.0
258.0,59.0,173.0
249.0,61.0,169.0
242.0,61.0,164.0
230.0,68.0,157.0
215.0,79.0,152.0
201.0,91.0,145.0
188.0,102.0,136.0
172.0,119.0,129.0
156.0,133.0,123.0
142.0,146.0,115.0
129.0,159.0,110.0
118.0,169.0,105.0
107.0,178.0,98.0
99.0,185.0,94.0
92.0,187.0,91.0
85.0,187.0,86.0
79.0,186.0,81.0
74.0,182.0,78.0
69.0,176.0,73.0
64.0,168.0,69.0
60.0,162.0,66.0
56.0,153.0,62.0
52.0,144.0,58.0
49.0,135.0,55.0
46.0,126.0,52.0
44.0,118.0,49.0
41.0,111.0,48.0
39.0,104.0,47.0
37.0,97.0,45.0
35.0,92.0,45.0
34.0,87.0,44.0
33.0,83.0,44.0
32.0,79.0,44.0
31.0,75.0,45.0
31.0,71.0,46.0
31.0,68.0,46.0
30.0,64.0,48.0
29.0,61.0,52.0
29.0,59.0,55.0
29.0,56.0,57.0
29.0,53.0,60.0
28.0,51.0,64.0
29.0,49.0,66.0
29.0,47.0,69.0
28.0,45.0,73.0
28.0,43.0,77.0
28.0,42.0,80.0
28.0,40.0,83.0
26.0,39.0,87.0
25.0,38.0,91.0
25.0,36.0,94.0
24.0,35.0,96.0
23.0,34.0,100.0
22.0,33.0,104.0
22.0,32.0,107.0
21.0,31.0,110.0
21.0,30.0,114.0
20.0,30.0,116.0
20.0,29.0,119.0
20.0,28.0,123.0
19.0,28.0,127.0
20.0,27.0,130.0
20.0,27.0,133.0
20.0,27.0,139.0
20.0,26.0,141.0
21.0,26.0,143.0
21.0,26.0,148.0
21.0,25.0,151.0
21.0,25.0,153.0
20.0,27.0,156.0
20.0,28.0,160.0
19.0,29.0,163.0
19.0,31.0,164.0
19.0,33.0,168.0
19.0,35.0,171.0
19.0,36.0,173.0
18.0,38.0,176.0
18.0,40.0,180.0
18.0,41.0,182.0
17.0,42.0,184.0
17.0,45.0,184.0
17.0,47.0,188.0
16.0,48.0,187.0
16.0,51.0,188.0
16.0,53.0,190.0
16.0,53.0,191.0
15.0,55.0,190.0
15.0,57.0,189.0
15.0,59.0,194.0
15.0,60.0,193.0
15.0,62.0,195.0
14.0,65.0,196.0
14.0,66.0,196.0
14.0,68.0,196.0
14.0,71.0,196.0
14.0,72.0,196.0
14.0,73.0,196.0
14.0,75.0,195.0
14.0,78.0,194.0
14.0,79.0,192.0
14.0,80.0,190.0
13.0,83.0,189.0
13.0,84.0,188.0
13.0,85.0,186.0
13.0,87.0,184.0
13.0,88.0,185.0
13.0,88.0,182.0
13.0,89.0,179.0
13.0,91.0,175.0
13.0,92.0,177.0
13.0,92.0,171.0
13.0,93.0,172.0
13.0,94.0,172.0
13.0,94.0,169.0
13.0,94.0,166.0
13.0,95.0,166.0
13.0,94.0,164.0
13.0,93.0,161.0
13.0,93.0,159.0
13.0,94.0,157.0
13.0,93.0,154.0
13.0,92.0,151.0
13.0,93.0,150.0
13.0,92.0,148.0
13.0,91.0,144.0
13.0,91.0,142.0
13.0,90.0,141.0
13.0,88.0,139.0
13.0,87.0,136.0
13.0,87.0,134.0
13.0,85.0,133.0
13.0,83.0,132.0
13.0,83.0,130.0
13.0,82.0,129.0
13.0,80.0,127.0
13.0,79.0,124.0
13.0,79.0,121.0
13.0,77.0,120.0
13.0,76.0,117.0
13.0,76.0,115.0
13.0,76.0,113.0
13.0,74.0,110.0
13.0,74.0,107.0
12.0,75.0,105.0
13.0,74.0,104.0
13.0,73.0,101.0
12.0,73.0,99.0
13.0,73.0,98.0
13.0,72.0,96.0
12.0,71.0,94.0
13.0,72.0,92.0
13.0,72.0,91.0
13.0,71.0,89.0
13.0,71.0,87.0
13.0,71.0,85.0
12.0,71.0,84.0
13.0,69.0,82.0
12.0,69.0,79.0
13.0,69.0,76.0
13.0,69.0,79.0
13.0,67.0,77.0
12.0,66.0,76.0
13.0,66.0,75.0
13.0,65.0,74.0
12.0,63.0,71.0
13.0,63.0,70.0
13.0,63.0,70.0
13.0,61.0,68.0
12.0,59.0,65.0
12.0,59.0,62.0
